Changed database context to 'mexicoDATA'.
-->Numero de conjuntos := 32

(32 rows affected)
entiocur    Repeticion_Delito Probabilidad             logProb                  plog_p                  
----------- ----------------- ------------------------ ------------------------ ------------------------
         99            155223      0.73139047260048062   -9.0257252247458092E-2   -6.6013294376889159E-2
         14             11352      0.05348913914149743      -0.8449220409507423   -4.5194152612132242E-2
          2              7364    3.4698204777835369E-2     -0.96979903349287133   -3.3650285457482471E-2
         13              7164    3.3755830938133155E-2     -0.97774389136566031   -3.3004557497731658E-2
         27              4737    2.2320124393346841E-2       -1.097102224446574   -2.4487458121865056E-2
         12              4198    1.9780426895349385E-2      -1.1319565255044217   -2.2390583301453906E-2
         32              3453    1.6270084342458652E-2      -1.1883268919921752   -1.9334178759124444E-2
         25              3262    1.5370117325543043E-2      -1.2047456024204757   -1.8517081256634742E-2
         29              2585    1.2180181878151062E-2      -1.2718641027223931   -1.5491536095450155E-2
         21              2480    1.1685435612307402E-2       -1.283828934708005   -1.5002100353747596E-2
         11              1456    6.8604815530320879E-3      -1.4374948877231133   -9.8619071598023515E-3
         18              1132    5.3338359327145075E-3       -1.510122167196476   -8.0547438781812686E-3
         16              1130    5.3244121943174854E-3      -1.5106324043023425   -8.0432295945985343E-3
          5              1048    4.9380389200395797E-3      -1.5323692154553625   -7.5668988257890967E-3
          1               919    4.3302077934316546E-3      -1.5702696055050456   -6.7995936835467978E-3
         30               834    3.9296989115582149E-3        -1.59827310107392   -6.2807320656629558E-3
          6               609    2.8695283418932291E-3       -1.688994132181586   -4.8466165315864196E-3
         22               520    2.4501719832257457E-3      -1.7345802531571617   -4.2500199389422988E-3
          7               482     2.271120953682326E-3      -1.7564759485168602   -3.9891693313156796E-3
         10               445    2.0967817933374168E-3      -1.7795215105921005   -3.7312683042618135E-3
         31               383    1.8046459030297318E-3       -1.822813699377861   -3.2895332745687261E-3
          3               352    1.6585779578758893E-3      -1.8471674920353931   -3.0636712867947902E-3
         28               339    1.5973236582952457E-3      -1.8580255231355838   -2.9678681258208683E-3
         19               245    1.1544079536352071E-3      -1.9517262279623384   -2.2530882808781648E-3
         23               241     1.135560476841163E-3      -1.9564759485168601   -2.2216967610260725E-3
         26               145    6.8322103378410217E-4      -2.1030719977598653   -1.4368630244318921E-3
         20                60    2.8271215191066294E-4      -2.3576756966411492   -6.6654356970489059E-4
          9                45    2.1203411393299723E-4      -2.4406831964969173   -5.1750809896037924E-4
         15                16    7.5389907176176796E-5      -2.7390538157628526   -2.0649701292091432E-4
          4                 8    3.7694953588088398E-5      -2.9390538157628523   -1.1078749717807483E-4
          8                 2    9.4237383970220994E-6      -3.3390538157628522   -3.1466369653327547E-5
         24                 1    4.7118691985110497E-6      -3.5390538157628524   -1.6675558666365985E-5

(32 rows affected)
Total_Delitos Total_Probabilidad       Entropy                 
------------- ------------------------ ------------------------
       212230       1.0000000000000002      0.37329160600680317

(1 rows affected)
