Changed database context to 'mexicoDATA'.
-->Numero de conjuntos := 280

(280 rows affected)
ubicgeob   Repeticion_Delito Probabilidad             logProb                  plog_p                  
---------- ----------------- ------------------------ ------------------------ ------------------------
15999                 150846      0.71076662111859779   -6.0589865362328396E-2   -4.3065253877612918E-2
14101                   4818    2.2701785798426237E-2      -0.6717751601454377   -1.5250495790325209E-2
02004                   4814    2.2682938321632193E-2     -0.67192255958539782     -0.01524117797598881
14039                   2477    1.1671300004711869E-2     -0.78984713807896301   -9.2185429063826579E-3
27004                   1997    9.4096027894265653E-3     -0.82807431446765967   -7.7918503792673809E-3
12001                   1849    8.7122461480469305E-3     -0.84173961653774609   -7.3334427318394787E-3
25006                   1552    7.3128209960891489E-3     -0.87281451781630959   -6.3827363315785354E-3
29033                   1502    7.0772275361635963E-3      -0.8786260690409845   -6.2182366098080324E-3
13048                   1477    6.9594308062008196E-3     -0.88160480489001425   -6.1354676380462282E-3
27002                   1476    6.9547189370023086E-3     -0.88172500057053826    -6.132149558696294E-3
21114                   1455    6.8557696838335768E-3     -0.88426809917119664   -6.0623384266790328E-3
32010                   1349    6.3563115487914055E-3     -0.89769226027124793    -5.706011681222793E-3
02002                   1277    6.0170569664986101E-3     -0.90742643031805259   -5.4600365241302042E-3
13077                   1251    5.8945483673373223E-3     -0.91107702723724504   -5.3703876034198435E-3
29005                   1096    5.1642086415681103E-3      -0.9345519131290897   -4.8262210657752545E-3
14093                   1043    4.9144795740470246E-3     -0.94334833961488262   -4.6360661462485162E-3
02001                    975    4.5940724685482734E-3     -0.95531311359065019    -4.388777673989935E-3
14023                    870     4.099326202704613E-3     -0.97553467772591629   -3.9990348660488492E-3
01001                    862    4.0616312491165247E-3     -0.97717412509405588   -3.9689209623101178E-3
18017                    827    3.8967158271686377E-3     -0.98453031380014155    -3.836434856112317E-3
11020                    723    3.4066814305234888E-3      -1.0083813326188986   -3.4352339607193316E-3
13076                    681    3.2087829241860245E-3      -1.0190022998996628   -3.2697571796243244E-3
25012                    619    2.9166470338783394E-3      -1.0359429561064586   -3.0214799501950612E-3
13069                    585    2.7564434811289638E-3      -1.0459687830549866   -2.8831538335163135E-3
16102                    579    2.7281722659378976E-3      -1.0477983757079337   -2.8585744689011618E-3
13008                    543       0.0025585449747915      -1.0591906657772834   -2.7099869552705317E-3
14022                    512    2.4124770296376575E-3      -1.0696231218287684   -2.5804412117812255E-3
22014                    459    2.1627479621165718E-3      -1.0890159337480461   -2.3552669914260623E-3
06007                    431    2.0308156245582624E-3      -1.1001862035166627   -2.2342753320250749E-3
25001                    425    2.0025444093671962E-3      -1.1026741262549751   -2.2081539068857584E-3
27008                    420    1.9789850633746406E-3      -1.1047743746192347   -2.1863319857705248E-3
21164                    412    1.9412901097865523E-3      -1.1081873435643521   -2.1513131298521088E-3
14030                    402    1.8941714178014419E-3      -1.1125479785589021   -2.1073565819190437E-3
31050                    402    1.8941714178014419E-3      -1.1125479785589021   -2.1073565819190437E-3
03008                    402    1.8941714178014419E-3      -1.1125479785589021   -2.1073565819190437E-3
14067                    391    1.8423408566178203E-3      -1.1174717699668457   -2.0587638979269506E-3
14073                    389    1.8329171182207983E-3      -1.1183818689639822   -2.0499012723318526E-3
16108                    373    1.7575272110446215E-3      -1.1258357273921669   -1.9786869260579477E-3
32042                    363    1.7104085190595109E-3      -1.1306585490577141   -1.9338880144557802E-3
05035                    355    1.6727135654714224E-3      -1.1346134517885811   -1.8978833123731154E-3
13003                    354    1.6680016962729114E-3      -1.1351140696537194   -1.8933721936456518E-3
12028                    342    1.6114592658907788E-3      -1.1412342939211475   -1.8390525774915536E-3
30039                    341    1.6067473966922677E-3      -1.1417539690084733   -1.8345102173674284E-3
12052                    340    1.6020355274937567E-3      -1.1422751703096998   -1.8299654050101207E-3
12029                    335    1.5784761815012015E-3      -1.1449043875171725   -1.8072043057920783E-3
27005                    332    1.5643405739056684E-3      -1.1465008203109572   -1.7935177512285625E-3
13041                    330    1.5549168355086464E-3      -1.1475731433046259   -1.7843808005019392E-3
13028                    327     1.540781227913113E-3      -1.1491938752585105   -1.7706563502310367E-3
11007                    324    1.5266456203175799E-3      -1.1508295450446084   -1.7569088846744246E-3
14053                    322    1.5172218819205579E-3      -1.1519284272893757   -1.7477310162897751E-3
07003                    320    1.5077981435235358E-3      -1.1530341561966504   -1.7385427601325362E-3
05025                    304     1.432408236347359E-3      -1.1621371215245309   -1.6646547846367497E-3
13030                    300    1.4135607595533149E-3      -1.1644877375515377   -1.6460741707838727E-3
27013                    281    1.3240352447816048E-3      -1.1760991392062961   -1.5571967116664428E-3
21140                    272    1.2816284219950055E-3      -1.1818762143644244   -1.5147261476093081E-3
12046                    252    1.1873910380247844E-3       -1.195430044083571   -1.4194429209304052E-3
14035                    249    1.1732554304292513E-3       -1.197555445720569     -0.00140503842993178
19039                    240    1.1308486076426517E-3      -1.2040887816062624   -1.3616421221575789E-3
23005                    240    1.1308486076426517E-3      -1.2040887816062624   -1.3616421221575789E-3
25011                    237    1.1167130000471186E-3       -1.206321124442947   -1.3471144818968969E-3
32056                    235    1.1072892616500966E-3      -1.2078251073043844   -1.3374117712695204E-3
05034                    233    1.0978655232530745E-3      -1.2093419448760394   -1.3276948271032237E-3
21074                    222    1.0460349620694529E-3      -1.2179245318223597   -1.2739916414482582E-3
14063                    222    1.0460349620694529E-3      -1.2179245318223597   -1.2739916414482582E-3
21154                    218    1.0271874852754088E-3      -1.2211513282715056   -1.2543513620279331E-3
27009                    216    1.0177637468783867E-3      -1.2227869980576036   -1.2445082767772813E-3
27006                    212    9.9891627008434256E-4      -1.2261042706318341    -1.224775504754035E-3
02003                    208    9.8006879329029821E-4      -1.2294847331357015   -1.2049796187731513E-3
13029                    203    9.5650944729774303E-4      -1.2338029246518221   -1.1801441535330532E-3
21019                    203    9.5650944729774303E-4      -1.2338029246518221   -1.1801441535330532E-3
12012                    201    9.4708570890072096E-4      -1.2355600569815088   -1.1701812724557476E-3
30141                    200    9.4237383970220982E-4      -1.2364451905645326   -1.1651936018136292E-3
13012                    198    9.3295010130518775E-4      -1.2382288127689622   -1.1552056963118056E-3
14046                    197    9.2823823210667672E-4       -1.239127391476089   -1.1502054192187227E-3
32005                    196    9.2352636290816568E-4      -1.2400305431225336   -1.1452008973849908E-3
27015                    195    9.1881449370965465E-4      -1.2409383144905886   -1.1401921091535824E-3
32039                    192    9.0467888611412144E-4       -1.243689825660987   -1.1251399261504476E-3
14119                    192    9.0467888611412144E-4       -1.243689825660987   -1.1251399261504476E-3
14015                    191     8.999670169156104E-4      -1.2446165583961746   -1.1201138512635788E-3
13042                    185    8.7169580172454409E-4      -1.2502809407806299   -1.0898646470546883E-3
30193                    181    8.5284832493049995E-4      -1.2541601972128853   -1.0696084233875146E-3
05030                    178    8.3871271733496674E-4      -1.2571263205556877   -1.0543678323465693E-3
32024                    171    8.0572963294538939E-4      -1.2642463723437545   -1.0186407655410734E-3
13063                    169    7.9630589454836732E-4      -1.2663342660200276   -1.0083894405003282E-3
12061                    168    7.9159402534985629E-4      -1.2673874970965662     -0.00100325637050475
11003                    163      7.68034679357301E-4      -1.2727495036175378   -9.7751575691305955E-4
09005                    147    6.9264477218112424E-4      -1.2910851685321452   -8.9426339242437605E-4
27010                    147    6.9264477218112424E-4      -1.2910851685321452   -8.9426339242437605E-4
12066                    144    6.7850916458559113E-4      -1.2947444510705988   -8.7849597584774178E-4
09007                    141    6.6437355699005792E-4      -1.2984807767687208   -8.6267629234504839E-4
13031                    140    6.5966168779154689E-4      -1.2997439060548366   -8.5739125876491129E-4
14113                    136    6.4081421099750275E-4      -1.3048882927870311   -8.3619096178219967E-4
27017                    134    6.3139047260048057E-4       -1.307517509994504   -8.2555409856883348E-4
12057                    132     6.219667342034585E-4      -1.3101862657819572   -8.1489227292662835E-4
32049                    131    6.1725486500494747E-4      -1.3115358457877382   -8.0955188144085991E-4
32036                    131    6.1725486500494747E-4      -1.3115358457877382   -8.0955188144085991E-4
27001                    130    6.1254299580643643E-4      -1.3128957675035835    -8.042051066082357E-4
32020                    125    5.8898364981388115E-4      -1.3198562249324148   -7.7737373659026463E-4
14110                    121    5.7013617301983701E-4       -1.325628080493316   -7.5578852066009161E-4
32038                    119    5.6071243462281484E-4      -1.3285859642226103   -7.4495467060495984E-4
13081                    118     5.560005654243038E-4      -1.3300836010893211   -7.3952723426725666E-4
11042                    117    5.5128869622579277E-4      -1.3315939839549249   -7.3409271131661975E-4
14091                    117    5.5128869622579277E-4      -1.3315939839549249   -7.3409271131661975E-4
02005                    117    5.5128869622579277E-4      -1.3315939839549249   -7.3409271131661975E-4
06002                    114    5.3715308863025966E-4      -1.3362038253567494   -7.1774601182994599E-4
13084                    113    5.3244121943174852E-4      -1.3377674382513995   -7.1228252613866156E-4
16053                    110    5.1830561183621542E-4      -1.3425426747402278   -6.9584740244746292E-4
14013                    107    5.0417000424068231E-4       -1.347449962017637   -6.7934385306453926E-4
30087                    106    4.9945813504217128E-4      -1.3491163490544409   -6.7382713565363405E-4
27011                    105    4.9474626584366014E-4      -1.3507985314644484   -6.6830252934913566E-4
12035                    102    4.8061065824812703E-4      -1.3559429181966429   -6.5168061846137485E-4
12055                    101      4.75898789049616E-4      -1.3576913945616647   -6.4612369057498063E-4
27007                    100    4.7118691985110491E-4      -1.3594572689871396   -6.4055848324324528E-4
13060                     98    4.6176318145408284E-4      -1.3630426215451403   -6.2940289738219735E-4
32048                     97    4.5705131225557181E-4       -1.364862831506737   -6.2381234818900959E-4
09015                     96    4.5233944305706072E-4      -1.3667019040835937   -6.1821317811819722E-4
12007                     96    4.5233944305706072E-4      -1.3667019040835937   -6.1821317811819722E-4
13037                     91    4.2878009706450549E-4      -1.3761944829938872    -5.900848039977559E-4
32029                     89    4.1935635866748337E-4      -1.3801383989782945   -5.7876981345270789E-4
27012                     86    4.0522075107195027E-4      -1.3862236436623809   -5.6172658603856557E-4
27016                     83    3.9108514347641711E-4       -1.392524977156171   -5.4459583048561554E-4
10004                     80    3.7694953588088395E-4      -1.3990583130418641   -5.2737438177142312E-4
26018                     79    3.7223766668237292E-4       -1.401290655878549   -5.2161316408804305E-4
10008                     78    3.6752579748386183E-4      -1.4035514369679201     -5.15841361181255E-4
32019                     77    3.6281392828535079E-4      -1.4058413902305316   -5.1005883733567798E-4
14008                     76    3.5810205908683976E-4      -1.4081612783697446    -5.042654533105621E-4
14082                     76    3.5810205908683976E-4      -1.4081612783697446    -5.042654533105621E-4
06009                     74    3.4867832068981764E-4      -1.4128940632579614   -4.9264552928939898E-4
07017                     73     3.439664514913066E-4      -1.4153086435731035   -4.8681869189481485E-4
12041                     73     3.439664514913066E-4      -1.4153086435731035   -4.8681869189481485E-4
14118                     72    3.3925458229279557E-4      -1.4177565294932055   -4.8098039920610095E-4
14024                     71    3.3454271309428448E-4      -1.4202386526885193   -4.7513049211178848E-4
26030                     70    3.2983084389577344E-4      -1.4227559844774433   -4.6926880701795708E-4
11046                     69    3.2511897469726241E-4      -1.4253095381086218   -4.6339517565610378E-4
27014                     69    3.2511897469726241E-4      -1.4253095381086218   -4.6339517565610378E-4
10016                     68    3.2040710549875137E-4      -1.4279003712096381   -4.5750942487987275E-4
10001                     68    3.2040710549875137E-4      -1.4279003712096381   -4.5750942487987275E-4
25014                     64    3.0155962870470718E-4      -1.4386593570965889   -4.3384158155860007E-4
28041                     63    2.9684775950619609E-4      -1.4414542009287847   -4.2789244997650395E-4
25015                     60    2.8271215191066294E-4      -1.4501129384514762   -4.0996454934311155E-4
10032                     58    2.7328841351364087E-4      -1.4561294100614566   -3.9794329634624929E-4
25009                     58    2.7328841351364087E-4      -1.4561294100614566   -3.9794329634624929E-4
21169                     57    2.6857654431512983E-4      -1.4592159037793564   -3.9191116484673852E-4
25018                     55    2.5915280591810771E-4      -1.4655547531628346   -3.7980262650876831E-4
11015                     55    2.5915280591810771E-4      -1.4655547531628346   -3.7980262650876831E-4
18018                     53    2.4972906752108564E-4      -1.4721284274770479    -3.676332594651253E-4
09013                     50    2.3559345992555246E-4      -1.4824693474097466   -3.4926008278983803E-4
32007                     50    2.3559345992555246E-4      -1.4824693474097466   -3.4926008278983803E-4
03003                     48    2.2616972152853036E-4      -1.4897139825062005   -3.3692819658058532E-4
28027                     45    2.1203411393299723E-4      -1.5011675638610875    -3.182987342682417E-4
12033                     44    2.0732224473448617E-4      -1.5051557972175593   -3.1205227855426949E-4
14070                     43    2.0261037553597513E-4      -1.5092357220849879   -3.0578681642394798E-4
11002                     42    1.9789850633746407E-4      -1.5134116539417797   -2.9950190578878927E-4
18012                     41    1.9318663713895301E-4      -1.5176882202869557   -2.9319708350263951E-4
22016                     40    1.8847476794044198E-4      -1.5220703914644711   -2.8687186382028387E-4
14059                     39    1.8376289874193091E-4      -1.5265635153905268    -2.805257367018355E-4
28009                     38    1.7905102954341988E-4      -1.5311733567923513   -2.7415816594312468E-4
01006                     38    1.7905102954341988E-4      -1.5311733567923513   -2.7415816594312468E-4
28032                     38    1.7905102954341988E-4      -1.5311733567923513   -2.7415816594312468E-4
25017                     38    1.7905102954341988E-4      -1.5311733567923513   -2.7415816594312468E-4
20067                     38    1.7905102954341988E-4      -1.5311733567923513   -2.7415816594312468E-4
12038                     37    1.7433916034490882E-4      -1.5359061416805684   -2.6776858710917886E-4
32047                     36    1.6962729114639778E-4      -1.5407686079158125   -2.6135640524416556E-4
01007                     36    1.6962729114639778E-4      -1.5407686079158125   -2.6135640524416556E-4
18004                     36    1.6962729114639778E-4      -1.5407686079158125   -2.6135640524416556E-4
32055                     34    1.6020355274937569E-4      -1.5509124496322448   -2.4846168443432281E-4
18015                     33    1.5549168355086463E-4      -1.5562104226271709   -2.4197777857370135E-4
28021                     32    1.5077981435235359E-4      -1.5616714355191958   -2.3546852912695787E-4
25010                     32    1.5077981435235359E-4      -1.5616714355191958   -2.3546852912695787E-4
32034                     32    1.5077981435235359E-4      -1.5616714355191958   -2.3546852912695787E-4
25002                     29    1.3664420675682043E-4      -1.5791414884840633   -2.1578053605068951E-4
18020                     29    1.3664420675682043E-4      -1.5791414884840633   -2.1578053605068951E-4
10005                     29    1.3664420675682043E-4      -1.5791414884840633   -2.1578053605068951E-4
09017                     28    1.3193233755830937E-4      -1.5853691069547751   -2.0916145217327286E-4
32051                     28    1.3193233755830937E-4      -1.5853691069547751   -2.0916145217327286E-4
27003                     27    1.2722046835979834E-4      -1.5918232333254241   -2.0251249728966901E-4
18016                     26    1.2250859916128728E-4      -1.5985209684035218    -1.958325645690598E-4
10023                     26    1.2250859916128728E-4      -1.5985209684035218    -1.958325645690598E-4
07089                     25    1.1779672996277623E-4      -1.6054814258323533   -1.8912046197902668E-4
30121                     25    1.1779672996277623E-4      -1.6054814258323533   -1.8912046197902668E-4
18011                     25    1.1779672996277623E-4      -1.6054814258323533   -1.8912046197902668E-4
28003                     24    1.1308486076426518E-4      -1.6127260609288074   -1.8237490205103604E-4
25013                     23    1.0837299156575413E-4      -1.6202790695442237    -1.755944899378841E-4
30072                     21    9.8949253168732036E-5      -1.6364237323643867   -1.6192290618504508E-4
32023                     21    9.8949253168732036E-5      -1.6364237323643867   -1.6192290618504508E-4
09006                     20    9.4237383970220988E-5      -1.6450824698870778   -1.5502826837742806E-4
10028                     20    9.4237383970220988E-5      -1.6450824698870778   -1.5502826837742806E-4
16006                     20    9.4237383970220988E-5      -1.6450824698870778   -1.5502826837742806E-4
01005                     19     8.952551477170994E-5      -1.6541854352149581   -1.4809180261548415E-4
28022                     19     8.952551477170994E-5      -1.6541854352149581   -1.4809180261548415E-4
25016                     19     8.952551477170994E-5      -1.6541854352149581   -1.4809180261548415E-4
07109                     18    8.4813645573198892E-5      -1.6637806863384192   -1.4111130544264028E-4
21197                     17    8.0101776374687844E-5      -1.6739245280548518   -1.3408432821435462E-4
25004                     17    8.0101776374687844E-5      -1.6739245280548518   -1.3408432821435462E-4
26033                     16    7.5389907176176796E-5      -1.6846835139418026   -1.2700813373730784E-4
26042                     16    7.5389907176176796E-5      -1.6846835139418026   -1.2700813373730784E-4
26043                     16    7.5389907176176796E-5      -1.6846835139418026   -1.2700813373730784E-4
28030                     15    7.0678037977665734E-5      -1.6961370952966897   -1.1987964203670708E-4
12022                     15    7.0678037977665734E-5      -1.6961370952966897   -1.1987964203670708E-4
21208                     15    7.0678037977665734E-5      -1.6961370952966897   -1.1987964203670708E-4
28039                     15    7.0678037977665734E-5      -1.6961370952966897   -1.1987964203670708E-4
28043                     15    7.0678037977665734E-5      -1.6961370952966897   -1.1987964203670708E-4
18001                     14    6.5966168779154686E-5      -1.7083811853773818   -1.1269536161373672E-4
10015                     13    6.1254299580643638E-5      -1.7215330468261285   -1.0545130098826589E-4
07078                     13    6.1254299580643638E-5      -1.7215330468261285   -1.0545130098826589E-4
07019                     13    6.1254299580643638E-5      -1.7215330468261285   -1.0545130098826589E-4
25005                     12     5.654243038213259E-5      -1.7357381393514142   -9.8142852905889696E-5
18010                     12     5.654243038213259E-5      -1.7357381393514142   -9.8142852905889696E-5
25003                     12     5.654243038213259E-5      -1.7357381393514142   -9.8142852905889696E-5
01003                     11    5.1830561183621542E-5      -1.7511799540627728   -9.0764639752582114E-5
21172                     11    5.1830561183621542E-5      -1.7511799540627728   -9.0764639752582114E-5
21071                     11    5.1830561183621542E-5      -1.7511799540627728   -9.0764639752582114E-5
28035                     11    5.1830561183621542E-5      -1.7511799540627728   -9.0764639752582114E-5
07097                     11    5.1830561183621542E-5      -1.7511799540627728   -9.0764639752582114E-5
16052                     11    5.1830561183621542E-5      -1.7511799540627728   -9.0764639752582114E-5
18002                     11    5.1830561183621542E-5      -1.7511799540627728   -9.0764639752582114E-5
18007                     10    4.7118691985110494E-5      -1.7680945483096846   -8.3310302422357095E-5
28037                     10    4.7118691985110494E-5      -1.7680945483096846   -8.3310302422357095E-5
28040                      9    4.2406822786599446E-5       -1.786792764761026   -7.5772204131598905E-5
22004                      9    4.2406822786599446E-5       -1.786792764761026   -7.5772204131598905E-5
12999                      9    4.2406822786599446E-5       -1.786792764761026   -7.5772204131598905E-5
20338                      8    3.7694953588088398E-5      -1.8076955923644091   -6.8141001455568369E-5
14085                      8    3.7694953588088398E-5      -1.8076955923644091   -6.8141001455568369E-5
22009                      8    3.7694953588088398E-5      -1.8076955923644091   -6.8141001455568369E-5
22001                      8    3.7694953588088398E-5      -1.8076955923644091   -6.8141001455568369E-5
07101                      8    3.7694953588088398E-5      -1.8076955923644091   -6.8141001455568369E-5
16066                      7    3.2983084389577343E-5      -1.8313932637999883   -6.0404998570418499E-5
03009                      7    3.2983084389577343E-5      -1.8313932637999883   -6.0404998570418499E-5
26019                      7    3.2983084389577343E-5      -1.8313932637999883   -6.0404998570418499E-5
25008                      6    2.8271215191066295E-5      -1.8587502177740209   -5.2549127393130686E-5
10037                      6    2.8271215191066295E-5      -1.8587502177740209   -5.2549127393130686E-5
18006                      6    2.8271215191066295E-5      -1.8587502177740209   -5.2549127393130686E-5
16050                      5    2.3559345992555247E-5      -1.8911066267322916   -4.4553235328000086E-5
07108                      5    2.3559345992555247E-5      -1.8911066267322916   -4.4553235328000086E-5
18013                      5    2.3559345992555247E-5      -1.8911066267322916   -4.4553235328000086E-5
04002                      4    1.8847476794044199E-5      -1.9307076707870159    -3.638896802124141E-5
25007                      4    1.8847476794044199E-5      -1.9307076707870159    -3.638896802124141E-5
16110                      4    1.8847476794044199E-5      -1.9307076707870159    -3.638896802124141E-5
16112                      4    1.8847476794044199E-5      -1.9307076707870159    -3.638896802124141E-5
12058                      4    1.8847476794044199E-5      -1.9307076707870159    -3.638896802124141E-5
26048                      4    1.8847476794044199E-5      -1.9307076707870159    -3.638896802124141E-5
26017                      4    1.8847476794044199E-5      -1.9307076707870159    -3.638896802124141E-5
07027                      3    1.4135607595533147E-5      -1.9817622961966279   -2.8013414166658266E-5
21174                      3    1.4135607595533147E-5      -1.9817622961966279   -2.8013414166658266E-5
16009                      3    1.4135607595533147E-5      -1.9817622961966279   -2.8013414166658266E-5
21186                      3    1.4135607595533147E-5      -1.9817622961966279   -2.8013414166658266E-5
20570                      3    1.4135607595533147E-5      -1.9817622961966279   -2.8013414166658266E-5
16038                      3    1.4135607595533147E-5      -1.9817622961966279   -2.8013414166658266E-5
20565                      3    1.4135607595533147E-5      -1.9817622961966279   -2.8013414166658266E-5
22018                      2    9.4237383970220994E-6      -2.0537197492096229   -1.9353717657349318E-5
16069                      2    9.4237383970220994E-6      -2.0537197492096229   -1.9353717657349318E-5
26029                      2    9.4237383970220994E-6      -2.0537197492096229   -1.9353717657349318E-5
16076                      2    9.4237383970220994E-6      -2.0537197492096229   -1.9353717657349318E-5
16082                      2    9.4237383970220994E-6      -2.0537197492096229   -1.9353717657349318E-5
26023                      2    9.4237383970220994E-6      -2.0537197492096229   -1.9353717657349318E-5
21045                      2    9.4237383970220994E-6      -2.0537197492096229   -1.9353717657349318E-5
07016                      2    9.4237383970220994E-6      -2.0537197492096229   -1.9353717657349318E-5
28012                      2    9.4237383970220994E-6      -2.0537197492096229   -1.9353717657349318E-5
11041                      2    9.4237383970220994E-6      -2.0537197492096229   -1.9353717657349318E-5
16034                      2    9.4237383970220994E-6      -2.0537197492096229   -1.9353717657349318E-5
04003                      2    9.4237383970220994E-6      -2.0537197492096229   -1.9353717657349318E-5
16045                      2    9.4237383970220994E-6      -2.0537197492096229   -1.9353717657349318E-5
20364                      2    9.4237383970220994E-6      -2.0537197492096229   -1.9353717657349318E-5
18014                      2    9.4237383970220994E-6      -2.0537197492096229   -1.9353717657349318E-5
18003                      2    9.4237383970220994E-6      -2.0537197492096229   -1.9353717657349318E-5
03002                      2    9.4237383970220994E-6      -2.0537197492096229   -1.9353717657349318E-5
20545                      2    9.4237383970220994E-6      -2.0537197492096229   -1.9353717657349318E-5
20059                      1    4.7118691985110497E-6      -2.1767318276322296   -1.0256475652038965E-5
23003                      1    4.7118691985110497E-6      -2.1767318276322296   -1.0256475652038965E-5
04009                      1    4.7118691985110497E-6      -2.1767318276322296   -1.0256475652038965E-5
03001                      1    4.7118691985110497E-6      -2.1767318276322296   -1.0256475652038965E-5
20184                      1    4.7118691985110497E-6      -2.1767318276322296   -1.0256475652038965E-5
10038                      1    4.7118691985110497E-6      -2.1767318276322296   -1.0256475652038965E-5
16010                      1    4.7118691985110497E-6      -2.1767318276322296   -1.0256475652038965E-5
16107                      1    4.7118691985110497E-6      -2.1767318276322296   -1.0256475652038965E-5
26055                      1    4.7118691985110497E-6      -2.1767318276322296   -1.0256475652038965E-5
18005                      1    4.7118691985110497E-6      -2.1767318276322296   -1.0256475652038965E-5
11017                      1    4.7118691985110497E-6      -2.1767318276322296   -1.0256475652038965E-5
16075                      1    4.7118691985110497E-6      -2.1767318276322296   -1.0256475652038965E-5
28033                      1    4.7118691985110497E-6      -2.1767318276322296   -1.0256475652038965E-5

(280 rows affected)
Total_Delitos Total_Probabilidad       Entropy                 
------------- ------------------------ ------------------------
       212230       1.0000000000000002      0.33447119409909776

(1 rows affected)
