Changed database context to 'mexicoDATA'.
-->Numero de conjuntos := 887

(887 rows affected)
munocurr   Repeticion_Delito Probabilidad             logProb                  plog_p                  
---------- ----------------- ------------------------ ------------------------ ------------------------
99999                 155223      0.73139047260048062   -4.6083521414720538E-2     -0.03370504850660682
02004                   4766      0.02245676860010366     -0.55925897298251892   -1.2559149343800051E-2
25999                   3262    1.5370117325543043E-2     -0.61511865679467281    -9.454445924064565E-3
14039                   2558    1.2052961409791264E-2     -0.65093485496592962   -7.8456926871924241E-3
12001                   1799     8.476652688121377E-3     -0.70279148237943423   -5.9573193083004381E-3
27004                   1583     7.458888941242991E-3      -0.7216353384785168   -5.3825978457875514E-3
32010                   1326    6.2479385572256517E-3      -0.7477341798039896   -4.6717972125528444E-3
02002                   1271    5.9887857513075439E-3     -0.75397517376698653   -4.5153957774953582E-3
21114                   1222    5.7579041605805023E-3     -0.75976716394360022   -4.3746665143433042E-3
14999                   1181    5.5647175234415491E-3     -0.76479487503940768   -4.2558674429700816E-3
13048                   1046    4.9286151816425577E-3     -0.78267804295040955   -3.8575188848236743E-3
27002                    968    4.5610893841586961E-3     -0.79409500334804117   -3.6219382897842147E-3
02001                    965     4.546953776563163E-3     -0.79455228926804677   -3.6127925323642522E-3
13077                    913    4.3019365782405884E-3     -0.80271279100142168   -3.4532195174306083E-3
18017                    826    3.8920039579701266E-3     -0.81746579542844933   -3.1815801113127228E-3
14120                    742    3.4962069452951984E-3     -0.83326543885476512   -2.9132684145984811E-3
11020                    702    3.3077321773547566E-3     -0.84142942010153676   -2.7832231678428065E-3
01001                    555    2.6150874051736324E-3     -0.87604501472571306   -2.2909342843743614E-3
05035                    507    2.3889176836451019E-3     -0.88937135178718096   -2.1246349496117454E-3
13069                    500    2.3559345992555246E-3     -0.89141955783861915   -2.1001261787650643E-3
06007                    417    1.9648494557791074E-3     -0.91816175320349147   -1.8040496210990713E-3
22014                    396    1.8659002026103755E-3     -0.92577418552611934   -1.7274022403446414E-3
31050                    370    1.7433916034490882E-3     -0.93577901118038798   -1.6314292707757787E-3
13076                    370    1.7433916034490882E-3     -0.93577901118038798   -1.6314292707757787E-3
14073                    365     1.719832257456533E-3     -0.93778342526044411   -1.6128301852709895E-3
14008                    364     1.715120388258022E-3     -0.93818760154215075   -1.6091046834158359E-3
29033                    360    1.6962729114639778E-3     -0.93981548730197328   -1.5941835528846553E-3
14098                    355    1.6727135654714224E-3     -0.94187597071183171   -1.5754887132012451E-3
14067                    341    1.6067473966922677E-3     -0.94780352390386247   -1.5228808446082886E-3
29005                    339    1.5973236582952457E-3     -0.94867012735729972   -1.5153332383457787E-3
01999                    332    1.5643405739056684E-3     -0.95174402467203512    -1.488851793766742E-3
27005                    328    1.5454930971116241E-3     -0.95352976971540837   -1.4736736769856002E-3
03999                    313    1.4748150591339583E-3     -0.96042598168930993   -1.4164507009789096E-3
14053                    306    1.4418319747443811E-3     -0.96375812740665012   -1.3895772840146771E-3
16102                    299    1.4088488903548036E-3     -0.96716738743277109    -1.362592700572014E-3
27013                    282    1.3287471139801158E-3     -0.97579111154626075   -1.2965796233145432E-3
32042                    279    1.3146115063845827E-3     -0.97736676466512573   -1.2848575947866469E-3
14097                    275    1.2957640295905386E-3        -0.97949419747958   -1.2691933482866914E-3
12029                    273    1.2863402911935165E-3      -0.9805695465042904   -1.2613461159858234E-3
14101                    263     1.239221599208406E-3     -0.98606728004187894   -1.2219558717005803E-3
05025                    256    1.2062385148188287E-3     -0.99004152927245326   -1.1942262238785659E-3
14022                    256    1.2062385148188287E-3     -0.99004152927245326   -1.1942262238785659E-3
16001                    255    1.2015266456203175E-3     -0.99061813338338045   -1.1902540828947934E-3
27008                    255    1.2015266456203175E-3     -0.99061813338338045   -1.1902540828947934E-3
14013                    251    1.1826791688262733E-3     -0.99294738605014699   -1.1743381892220085E-3
13061                    250    1.1779672996277623E-3     -0.99353549925543394   -1.1703523291422442E-3
21999                    246    1.1591198228337182E-3     -0.99591171467754802   -1.1543810102750639E-3
14035                    241     1.135560476841163E-3     -0.99893691671077434   -1.1343532814743281E-3
02003                    240    1.1308486076426517E-3     -0.99954948375664832   -1.1303391419761372E-3
21164                    239    1.1261367384441407E-3      -1.0001646085011531   -1.1263221101247495E-3
23005                    238    1.1214248692456297E-3      -1.0007823123925887   -1.1223021738181978E-3
13030                    233    1.0978655232530745E-3      -1.0039102889685285   -1.1021584946975787E-3
13008                    226     1.064882438863497E-3      -1.0084041238119748   -1.0738318427249034E-3
29025                    219    1.0318993544739198E-3      -1.0130393607005286   -1.0453546623635478E-3
29006                    211    9.9420440088583131E-4      -1.0185217481795326   -1.0126188044380217E-3
13063                    209    9.8478066248880924E-4      -1.0199248269970478    -1.004402246818937E-3
13028                    205     9.659331856947651E-4      -1.0227717206542783   -9.8792914637010356E-4
19999                    204    9.6122131649625407E-4       -1.023492123861325   -9.8380244672152998E-4
12028                    198    9.3295010130518775E-4      -1.0278901269429341   -9.5897019806201272E-4
13051                    197    9.2823823210667672E-4      -1.0286360635354377   -9.5481932109730584E-4
27006                    196    9.2352636290816568E-4      -1.0293857962592601   -9.5066492044864053E-4
14023                    190    8.9525514771709937E-4      -1.0339661287729016   -9.2566349934906141E-4
14070                    187    8.8111954012156627E-4      -1.0363108280622015   -9.1311372024516658E-4
32039                    187    8.8111954012156627E-4      -1.0363108280622015   -9.1311372024516658E-4
27015                    179    8.4342458653347788E-4      -1.0427521671216207   -8.7948281541144096E-4
14093                    176    8.2928897893794467E-4      -1.0452421784354693   -8.6680781889762325E-4
13041                    174     8.198652405409226E-4      -1.0469258786162201   -8.5833813730020402E-4
29013                    167    7.8688215615134525E-4      -1.0529751456376073   -8.2856735297309725E-4
14094                    161    7.5861094096027894E-4      -1.0583655821498805   -8.0288771015469423E-4
32005                    158    7.4447533336474583E-4      -1.0611366136048588   -7.8999003415901477E-4
14083                    157     7.397634641662348E-4      -1.0620719955552727   -7.8568205862591446E-4
13003                    155    7.3033972576921262E-4      -1.0639607670965312   -7.7705281487048172E-4
16108                    152    7.1620411817367952E-4      -1.0668401192508463   -7.6407528684035552E-4
21019                    150    7.0678037977665745E-4      -1.0687914346955183   -7.5540081611613695E-4
27010                    143     6.737972953870801E-4      -1.0758320586285781   -7.2489273139465056E-4
30193                    142    6.6908542618856896E-4      -1.0768659026065912    -7.205152813934691E-4
13012                    141    6.6437355699005792E-4      -1.0779070529630757   -7.1613294288174931E-4
29010                    140    6.5966168779154689E-4      -1.0789556137047267   -7.1174568118862434E-4
14078                    140    6.5966168779154689E-4      -1.0789556137047267   -7.1174568118862434E-4
14025                    140    6.5966168779154689E-4      -1.0789556137047267   -7.1174568118862434E-4
30039                    139    6.5494981859303585E-4      -1.0800116910749813   -7.0735346114791692E-4
14063                    138    6.5023794939452482E-4      -1.0810753936186168   -7.0295624708744818E-4
32049                    138    6.5023794939452482E-4      -1.0810753936186168   -7.0295624708744818E-4
14046                    138    6.5023794939452482E-4      -1.0810753936186168   -7.0295624708744818E-4
16999                    137    6.4552608019601378E-4      -1.0821468322487027   -6.9855400281803833E-4
27017                    134    6.3139047260048057E-4      -1.0854087107881976   -6.8531671886923838E-4
32020                    134    6.3139047260048057E-4      -1.0854087107881976   -6.8531671886923838E-4
05030                    134    6.3139047260048057E-4      -1.0854087107881976   -6.8531671886923838E-4
14043                    133    6.2667860340196954E-4      -1.0865122527442499   -6.8089398112889429E-4
12061                    132     6.219667342034585E-4      -1.0876241233976092   -6.7646602407051037E-4
12046                    131    6.1725486500494747E-4      -1.0887444494222958   -6.7203280815304506E-4
11007                    129     6.078311266079254E-4      -1.0910109889321953   -6.6315043854428307E-4
27001                    126    5.9369551901239219E-4      -1.0944775526901362   -6.4978641869178325E-4
32024                    121    5.7013617301983701E-4      -1.1004428275984857   -6.2740226235412887E-4
14124                    119    5.6071243462281484E-4      -1.1028982538094037   -6.1840876503472186E-4
02005                    118     5.560005654243038E-4      -1.1041414861854904   -6.1390329062756374E-4
13050                    117    5.5128869622579277E-4      -1.1053952993898415    -6.093919334147456E-4
12052                    110    5.1830561183621542E-4      -1.1144841293743395   -5.7764337855711889E-4
13081                    106    4.9945813504217128E-4       -1.119941129611806   -5.5936370795293521E-4
14030                    104     4.900343966451491E-4      -1.1227473508823769   -5.5018482067458504E-4
32056                    103    4.8532252744663807E-4      -1.1241707644896288   -5.4558539670372598E-4
13029                    100    4.7118691985110491E-4      -1.1285254311501935   -5.3174642187729985E-4
14015                     98    4.6176318145408284E-4       -1.131501737676075   -5.2248584221012743E-4
13016                     98    4.6176318145408284E-4       -1.131501737676075   -5.2248584221012743E-4
27009                     97    4.5705131225557181E-4      -1.1330127474581073   -5.1784496302801871E-4
07032                     97    4.5705131225557181E-4      -1.1330127474581073   -5.1784496302801871E-4
06002                     96    4.5233944305706072E-4      -1.1345394156514079   -5.1319692740204096E-4
30999                     96    4.5233944305706072E-4      -1.1345394156514079   -5.1319692740204096E-4
32048                     95    4.4762757385854968E-4      -1.1360820701897165   -5.0854166078322138E-4
07051                     95    4.4762757385854968E-4      -1.1360820701897165   -5.0854166078322138E-4
14006                     94    4.4291570466003865E-4      -1.1376410494177507   -5.0387908705304884E-4
32036                     93    4.3820383546152756E-4      -1.1392167025366156   -4.9920912847337909E-4
12055                     92    4.3349196626301653E-4      -1.1408093900732921   -4.9453170563418399E-4
14118                     92    4.3349196626301653E-4      -1.1408093900732921   -4.9453170563418399E-4
27012                     91    4.2878009706450549E-4      -1.1424194843757802   -4.8984673739902937E-4
21132                     91    4.2878009706450549E-4      -1.1424194843757802   -4.8984673739902937E-4
27011                     89    4.1935635866748337E-4       -1.145693444939498   -4.8045383121903272E-4
13084                     89    4.1935635866748337E-4       -1.145693444939498   -4.8045383121903272E-4
32038                     87     4.099326202704613E-4       -1.149041820033035   -4.7102972408648189E-4
07003                     87     4.099326202704613E-4       -1.149041820033035   -4.7102972408648189E-4
14027                     85    4.0050888187343918E-4      -1.1524680712548703    -4.615736986131271E-4
12035                     83    3.9108514347641711E-4      -1.1559759075056648   -4.5208500364213441E-4
27016                     82    3.8637327427790602E-4       -1.157761652549038   -4.4732816052877119E-4
13056                     81    3.8166140507939498E-4      -1.1595693091210122   -4.4256285180606879E-4
12066                     77    3.6281392828535079E-4      -1.1670302533456876   -4.2341483064419703E-4
29044                     76    3.5810205908683976E-4      -1.1689560606676612   -4.1860557230713024E-4
14066                     75    3.5339018988832872E-4      -1.1709073761123332   -4.1378717998598216E-4
14002                     75    3.5339018988832872E-4      -1.1709073761123332   -4.1378717998598216E-4
12056                     73     3.439664514913066E-4      -1.1748892985720183   -4.0412250292492738E-4
13013                     73     3.439664514913066E-4      -1.1748892985720183   -4.0412250292492738E-4
14091                     72    3.3925458229279557E-4      -1.1769213606135476   -3.9927596458641773E-4
29015                     72    3.3925458229279557E-4      -1.1769213606135476   -3.9927596458641773E-4
14082                     71    3.3454271309428448E-4      -1.1789818440234061   -3.9441978478849278E-4
29041                     70    3.2983084389577344E-4      -1.1810715551215416   -3.8955382772703156E-4
11005                     68    3.2040710549875137E-4       -1.185342061732815   -3.7979201902573352E-4
13037                     68    3.2040710549875137E-4       -1.185342061732815   -3.7979201902573352E-4
13052                     67    3.1569523630024029E-4      -1.1875246522050125   -3.7489587569022208E-4
28041                     67    3.1569523630024029E-4      -1.1875246522050125   -3.7489587569022208E-4
12030                     66    3.1098336710172925E-4      -1.1897400648144238   -3.6998937133181912E-4
13042                     66    3.1098336710172925E-4      -1.1897400648144238   -3.6998937133181912E-4
27014                     65    3.0627149790321822E-4      -1.1919893018212471   -3.6507234895340461E-4
12011                     65    3.0627149790321822E-4      -1.1919893018212471   -3.6507234895340461E-4
30087                     64    3.0155962870470718E-4       -1.194273412106083   -3.6014464672661412E-4
13067                     64    3.0155962870470718E-4       -1.194273412106083   -3.6014464672661412E-4
06009                     62    2.9213589030768506E-4      -1.1989506989912908   -3.5025652988484207E-4
14048                     61    2.8742402110917402E-4      -1.2013462340858838   -3.4529576534532777E-4
12077                     61    2.8742402110917402E-4      -1.2013462340858838   -3.4529576534532777E-4
14113                     61    2.8742402110917402E-4      -1.2013462340858838   -3.4529576534532777E-4
32022                     61    2.8742402110917402E-4      -1.2013462340858838   -3.4529576534532777E-4
27007                     61    2.8742402110917402E-4      -1.2013462340858838   -3.4529576534532777E-4
21140                     61    2.8742402110917402E-4      -1.2013462340858838   -3.4529576534532777E-4
11035                     60    2.8271215191066294E-4      -1.2037813665902779   -3.4032362057869608E-4
12023                     60    2.8271215191066294E-4      -1.2037813665902779   -3.4032362057869608E-4
11004                     60    2.8271215191066294E-4      -1.2037813665902779   -3.4032362057869608E-4
12012                     59     2.780002827121519E-4       -1.206257427602305   -3.3533990589707392E-4
32019                     58    2.7328841351364087E-4        -1.20877581648771   -3.3034442518158216E-4
14044                     57    2.6857654431512983E-4      -1.2113380056298009   -3.2533697554963323E-4
10008                     56    2.6386467511661874E-4      -1.2139455455994863   -3.2031734699887492E-4
10001                     56    2.6386467511661874E-4      -1.2139455455994863   -3.2031734699887492E-4
13054                     56    2.6386467511661874E-4      -1.2139455455994863   -3.2031734699887492E-4
13999                     56    2.6386467511661874E-4      -1.2139455455994863   -3.2031734699887492E-4
29024                     55    2.5915280591810771E-4      -1.2166000707911544   -3.1528532202569615E-4
29002                     55    2.5915280591810771E-4      -1.2166000707911544   -3.1528532202569615E-4
27003                     55    2.5915280591810771E-4      -1.2166000707911544   -3.1528532202569615E-4
10004                     54    2.5444093671959667E-4      -1.2193033055756872   -3.1024067521597849E-4
13083                     54    2.5444093671959667E-4      -1.2193033055756872   -3.1024067521597849E-4
14108                     53    2.4972906752108564E-4      -1.2220570710286209   -3.0518317280552661E-4
18018                     53    2.4972906752108564E-4      -1.2220570710286209   -3.0518317280552661E-4
12007                     53    2.4972906752108564E-4      -1.2220570710286209   -3.0518317280552661E-4
13070                     52    2.4501719832257455E-4      -1.2248632922991916   -3.0011257220731262E-4
07101                     52    2.4501719832257455E-4      -1.2248632922991916   -3.0011257220731262E-4
32040                     52    2.4501719832257455E-4      -1.2248632922991916   -3.0011257220731262E-4
21074                     52    2.4501719832257455E-4      -1.2248632922991916   -3.0011257220731262E-4
12010                     51    2.4030532912406352E-4      -1.2277240066949549   -2.9502862150234511E-4
29034                     51    2.4030532912406352E-4      -1.2277240066949549   -2.9502862150234511E-4
12013                     50    2.3559345992555246E-4      -1.2306413725670085   -2.8993105889059238E-4
32055                     50    2.3559345992555246E-4      -1.2306413725670085   -2.8993105889059238E-4
16043                     49    2.3088159072704142E-4      -1.2336176790928899   -2.8481961209796732E-4
14033                     49    2.3088159072704142E-4      -1.2336176790928899   -2.8481961209796732E-4
13059                     49    2.3088159072704142E-4      -1.2336176790928899   -2.8481961209796732E-4
13074                     48    2.2616972152853036E-4      -1.2366553570682226   -2.7969399773488518E-4
12074                     48    2.2616972152853036E-4      -1.2366553570682226   -2.7969399773488518E-4
13010                     47    2.2145785233001932E-4      -1.2397569908345656   -2.7455392060135033E-4
14003                     47    2.2145785233001932E-4      -1.2397569908345656   -2.7455392060135033E-4
14119                     47    2.2145785233001932E-4      -1.2397569908345656   -2.7455392060135033E-4
12057                     46    2.1674598313150826E-4      -1.2429253314901068     -2.69399072932879E-4
21154                     46    2.1674598313150826E-4      -1.2429253314901068     -2.69399072932879E-4
14045                     45    2.1203411393299723E-4      -1.2461633115524176   -2.6422913358082641E-4
28027                     45    2.1203411393299723E-4      -1.2461633115524176   -2.6422913358082641E-4
11003                     45    2.1203411393299723E-4      -1.2461633115524176   -2.6422913358082641E-4
09999                     45    2.1203411393299723E-4      -1.2461633115524176   -2.6422913358082641E-4
13062                     45    2.1203411393299723E-4      -1.2461633115524176   -2.6422913358082641E-4
13002                     44    2.0732224473448617E-4      -1.2494740612690991   -2.5904376711982451E-4
14074                     44    2.0732224473448617E-4      -1.2494740612690991   -2.5904376711982451E-4
13031                     44    2.0732224473448617E-4      -1.2494740612690991   -2.5904376711982451E-4
12080                     43    2.0261037553597513E-4      -1.2528609268036852    -2.538426228740445E-4
13060                     43    2.0261037553597513E-4      -1.2528609268036852    -2.538426228740445E-4
29031                     42    1.9789850633746407E-4       -1.256327490561626   -2.4862533385284027E-4
29018                     41    1.9318663713895301E-4      -1.2598775939658529   -2.4339151558497839E-4
13001                     41    1.9318663713895301E-4      -1.2598775939658529   -2.4339151558497839E-4
07001                     40    1.8847476794044198E-4      -1.2635153630449529   -2.3814076483908079E-4
13006                     40    1.8847476794044198E-4      -1.2635153630449529   -2.3814076483908079E-4
32999                     40    1.8847476794044198E-4      -1.2635153630449529   -2.3814076483908079E-4
14121                     40    1.8847476794044198E-4      -1.2635153630449529   -2.3814076483908079E-4
14116                     40    1.8847476794044198E-4      -1.2635153630449529   -2.3814076483908079E-4
29043                     40    1.8847476794044198E-4      -1.2635153630449529   -2.3814076483908079E-4
18012                     40    1.8847476794044198E-4      -1.2635153630449529   -2.3814076483908079E-4
13075                     39    1.8376289874193091E-4      -1.2672452372613314   -2.3287265821604825E-4
29019                     39    1.8376289874193091E-4      -1.2672452372613314   -2.3287265821604825E-4
14024                     39    1.8376289874193091E-4      -1.2672452372613314   -2.3287265821604825E-4
29023                     39    1.8376289874193091E-4      -1.2672452372613314   -2.3287265821604825E-4
12002                     38    1.7905102954341988E-4      -1.2710720020844759   -2.2758675059704136E-4
14017                     38    1.7905102954341988E-4      -1.2710720020844759   -2.2758675059704136E-4
10032                     38    1.7905102954341988E-4      -1.2710720020844759   -2.2758675059704136E-4
14110                     38    1.7905102954341988E-4      -1.2710720020844759   -2.2758675059704136E-4
13053                     38    1.7905102954341988E-4      -1.2710720020844759   -2.2758675059704136E-4
28032                     38    1.7905102954341988E-4      -1.2710720020844759   -2.2758675059704136E-4
20067                     38    1.7905102954341988E-4      -1.2710720020844759   -2.2758675059704136E-4
29036                     38    1.7905102954341988E-4      -1.2710720020844759   -2.2758675059704136E-4
13057                     38    1.7905102954341988E-4      -1.2710720020844759   -2.2758675059704136E-4
14100                     37    1.7433916034490882E-4      -1.2750008259087771   -2.2228257342800145E-4
10005                     37    1.7433916034490882E-4      -1.2750008259087771   -2.2228257342800145E-4
13044                     37    1.7433916034490882E-4      -1.2750008259087771   -2.2228257342800145E-4
12042                     37    1.7433916034490882E-4      -1.2750008259087771   -2.2228257342800145E-4
26018                     37    1.7433916034490882E-4      -1.2750008259087771   -2.2228257342800145E-4
29048                     36    1.6962729114639778E-4      -1.2790373020303625   -2.1695963281860741E-4
14037                     36    1.6962729114639778E-4      -1.2790373020303625   -2.1695963281860741E-4
18004                     36    1.6962729114639778E-4      -1.2790373020303625   -2.1695963281860741E-4
13024                     35    1.6491542194788672E-4      -1.2831874965383565    -2.116174074298755E-4
29021                     35    1.6491542194788672E-4      -1.2831874965383565    -2.116174074298755E-4
11037                     35    1.6491542194788672E-4      -1.2831874965383565    -2.116174074298755E-4
12025                     35    1.6491542194788672E-4      -1.2831874965383565    -2.116174074298755E-4
13018                     35    1.6491542194788672E-4      -1.2831874965383565    -2.116174074298755E-4
21143                     35    1.6491542194788672E-4      -1.2831874965383565    -2.116174074298755E-4
13023                     35    1.6491542194788672E-4      -1.2831874965383565    -2.116174074298755E-4
14016                     34    1.6020355274937569E-4      -1.2874580031496299   -2.0625534612018763E-4
29027                     34    1.6020355274937569E-4      -1.2874580031496299   -2.0625534612018763E-4
11014                     34    1.6020355274937569E-4      -1.2874580031496299   -2.0625534612018763E-4
12018                     33    1.5549168355086463E-4      -1.2918560062312388   -2.0087286531419158E-4
03003                     33    1.5549168355086463E-4      -1.2918560062312388   -2.0087286531419158E-4
32029                     33    1.5549168355086463E-4      -1.2918560062312388   -2.0087286531419158E-4
18015                     33    1.5549168355086463E-4      -1.2918560062312388   -2.0087286531419158E-4
14099                     32    1.5077981435235359E-4      -1.2963893535228979   -1.9546934605255023E-4
32034                     31    1.4606794515384253E-4      -1.3010666404081055   -1.9004413067262531E-4
13073                     31    1.4606794515384253E-4      -1.3010666404081055   -1.9004413067262531E-4
05017                     31    1.4606794515384253E-4      -1.3010666404081055   -1.9004413067262531E-4
11046                     31    1.4606794515384253E-4      -1.3010666404081055   -1.9004413067262531E-4
32051                     30    1.4135607595533147E-4      -1.3058973080070928   -1.8459651906051352E-4
32002                     30    1.4135607595533147E-4      -1.3058973080070928   -1.8459651906051352E-4
16083                     30    1.4135607595533147E-4      -1.3058973080070928   -1.8459651906051352E-4
13034                     30    1.4135607595533147E-4      -1.3058973080070928   -1.8459651906051352E-4
14021                     30    1.4135607595533147E-4      -1.3058973080070928   -1.8459651906051352E-4
28038                     30    1.4135607595533147E-4      -1.3058973080070928   -1.8459651906051352E-4
11002                     30    1.4135607595533147E-4      -1.3058973080070928   -1.8459651906051352E-4
14085                     30    1.4135607595533147E-4      -1.3058973080070928   -1.8459651906051352E-4
12038                     29    1.3664420675682043E-4      -1.3108917579045249    -1.791257644029177E-4
30003                     29    1.3664420675682043E-4      -1.3108917579045249    -1.791257644029177E-4
30045                     29    1.3664420675682043E-4      -1.3108917579045249    -1.791257644029177E-4
18020                     29    1.3664420675682043E-4      -1.3108917579045249    -1.791257644029177E-4
21015                     29    1.3664420675682043E-4      -1.3108917579045249    -1.791257644029177E-4
13014                     29    1.3664420675682043E-4      -1.3108917579045249    -1.791257644029177E-4
26030                     29    1.3664420675682043E-4      -1.3108917579045249    -1.791257644029177E-4
32032                     29    1.3664420675682043E-4      -1.3108917579045249    -1.791257644029177E-4
13049                     29    1.3664420675682043E-4      -1.3108917579045249    -1.791257644029177E-4
05033                     29    1.3664420675682043E-4      -1.3108917579045249    -1.791257644029177E-4
14122                     27    1.2722046835979834E-4      -1.3214192469925019   -1.6811157550203815E-4
12075                     27    1.2722046835979834E-4      -1.3214192469925019   -1.6811157550203815E-4
13019                     27    1.2722046835979834E-4      -1.3214192469925019   -1.6811157550203815E-4
30141                     27    1.2722046835979834E-4      -1.3214192469925019   -1.6811157550203815E-4
22016                     27    1.2722046835979834E-4      -1.3214192469925019   -1.6811157550203815E-4
29999                     27    1.2722046835979834E-4      -1.3214192469925019   -1.6811157550203815E-4
13058                     27    1.2722046835979834E-4      -1.3214192469925019   -1.6811157550203815E-4
13066                     27    1.2722046835979834E-4      -1.3214192469925019   -1.6811157550203815E-4
12071                     26    1.2250859916128728E-4      -1.3269792337160065   -1.6256636703866639E-4
18016                     26    1.2250859916128728E-4      -1.3269792337160065   -1.6256636703866639E-4
10038                     26    1.2250859916128728E-4      -1.3269792337160065   -1.6256636703866639E-4
11009                     26    1.2250859916128728E-4      -1.3269792337160065   -1.6256636703866639E-4
26999                     26    1.2250859916128728E-4      -1.3269792337160065   -1.6256636703866639E-4
14102                     26    1.2250859916128728E-4      -1.3269792337160065   -1.6256636703866639E-4
32007                     26    1.2250859916128728E-4      -1.3269792337160065   -1.6256636703866639E-4
16085                     26    1.2250859916128728E-4      -1.3269792337160065   -1.6256636703866639E-4
21115                     26    1.2250859916128728E-4      -1.3269792337160065   -1.6256636703866639E-4
28043                     25    1.1779672996277623E-4      -1.3327573139838231   -1.5699445342126739E-4
13055                     25    1.1779672996277623E-4      -1.3327573139838231   -1.5699445342126739E-4
18011                     25    1.1779672996277623E-4      -1.3327573139838231   -1.5699445342126739E-4
22006                     25    1.1779672996277623E-4      -1.3327573139838231   -1.5699445342126739E-4
30061                     25    1.1779672996277623E-4      -1.3327573139838231   -1.5699445342126739E-4
13082                     25    1.1779672996277623E-4      -1.3327573139838231   -1.5699445342126739E-4
13009                     25    1.1779672996277623E-4      -1.3327573139838231   -1.5699445342126739E-4
30108                     25    1.1779672996277623E-4      -1.3327573139838231   -1.5699445342126739E-4
13005                     24    1.1308486076426518E-4      -1.3387712984850373   -1.5139476588437494E-4
14088                     24    1.1308486076426518E-4      -1.3387712984850373   -1.5139476588437494E-4
14029                     24    1.1308486076426518E-4      -1.3387712984850373   -1.5139476588437494E-4
14050                     24    1.1308486076426518E-4      -1.3387712984850373   -1.5139476588437494E-4
11015                     24    1.1308486076426518E-4      -1.3387712984850373   -1.5139476588437494E-4
10023                     23    1.0837299156575413E-4      -1.3450412729069214     -1.45766146524333E-4
12041                     23    1.0837299156575413E-4      -1.3450412729069214     -1.45766146524333E-4
13021                     23    1.0837299156575413E-4      -1.3450412729069214     -1.45766146524333E-4
29028                     23    1.0837299156575413E-4      -1.3450412729069214     -1.45766146524333E-4
13072                     23    1.0837299156575413E-4      -1.3450412729069214     -1.45766146524333E-4
13015                     23    1.0837299156575413E-4      -1.3450412729069214     -1.45766146524333E-4
12078                     23    1.0837299156575413E-4      -1.3450412729069214     -1.45766146524333E-4
13027                     22    1.0366112236724308E-4      -1.3515900026859138   -1.4010733665876691E-4
11028                     22    1.0366112236724308E-4      -1.3515900026859138   -1.4010733665876691E-4
32052                     22    1.0366112236724308E-4      -1.3515900026859138   -1.4010733665876691E-4
28003                     22    1.0366112236724308E-4      -1.3515900026859138   -1.4010733665876691E-4
13011                     22    1.0366112236724308E-4      -1.3515900026859138   -1.4010733665876691E-4
07089                     22    1.0366112236724308E-4      -1.3515900026859138   -1.4010733665876691E-4
12045                     22    1.0366112236724308E-4      -1.3515900026859138   -1.4010733665876691E-4
10016                     21    9.8949253168732036E-5      -1.3584434319784409   -1.3441696306623597E-4
16025                     21    9.8949253168732036E-5      -1.3584434319784409   -1.3441696306623597E-4
14068                     21    9.8949253168732036E-5      -1.3584434319784409   -1.3441696306623597E-4
14059                     21    9.8949253168732036E-5      -1.3584434319784409   -1.3441696306623597E-4
29001                     21    9.8949253168732036E-5      -1.3584434319784409   -1.3441696306623597E-4
12014                     20    9.4237383970220988E-5      -1.3656313044617678   -1.2869352160031739E-4
12062                     20    9.4237383970220988E-5      -1.3656313044617678   -1.2869352160031739E-4
13046                     20    9.4237383970220988E-5      -1.3656313044617678   -1.2869352160031739E-4
29026                     20    9.4237383970220988E-5      -1.3656313044617678   -1.2869352160031739E-4
32035                     19     8.952551477170994E-5      -1.3731879435012906   -1.2293535752025877E-4
14064                     19     8.952551477170994E-5      -1.3731879435012906   -1.2293535752025877E-4
28022                     19     8.952551477170994E-5      -1.3731879435012906   -1.2293535752025877E-4
30028                     19     8.952551477170994E-5      -1.3731879435012906   -1.2293535752025877E-4
29008                     19     8.952551477170994E-5      -1.3731879435012906   -1.2293535752025877E-4
13036                     19     8.952551477170994E-5      -1.3731879435012906   -1.2293535752025877E-4
13039                     19     8.952551477170994E-5      -1.3731879435012906   -1.2293535752025877E-4
32044                     19     8.952551477170994E-5      -1.3731879435012906   -1.2293535752025877E-4
11041                     19     8.952551477170994E-5      -1.3731879435012906   -1.2293535752025877E-4
13017                     19     8.952551477170994E-5      -1.3731879435012906   -1.2293535752025877E-4
13040                     19     8.952551477170994E-5      -1.3731879435012906   -1.2293535752025877E-4
13045                     19     8.952551477170994E-5      -1.3731879435012906   -1.2293535752025877E-4
29038                     19     8.952551477170994E-5      -1.3731879435012906   -1.2293535752025877E-4
32045                     19     8.952551477170994E-5      -1.3731879435012906   -1.2293535752025877E-4
29032                     18    8.4813645573198892E-5      -1.3811532434471772   -1.1714064167200297E-4
10022                     18    8.4813645573198892E-5      -1.3811532434471772   -1.1714064167200297E-4
21110                     18    8.4813645573198892E-5      -1.3811532434471772   -1.1714064167200297E-4
32021                     18    8.4813645573198892E-5      -1.3811532434471772   -1.1714064167200297E-4
29004                     18    8.4813645573198892E-5      -1.3811532434471772   -1.1714064167200297E-4
11033                     18    8.4813645573198892E-5      -1.3811532434471772   -1.1714064167200297E-4
10028                     18    8.4813645573198892E-5      -1.3811532434471772   -1.1714064167200297E-4
29030                     18    8.4813645573198892E-5      -1.3811532434471772   -1.1714064167200297E-4
11030                     17    8.0101776374687844E-5      -1.3895739445664448   -1.1130734136375424E-4
12054                     17    8.0101776374687844E-5      -1.3895739445664448   -1.1130734136375424E-4
14090                     17    8.0101776374687844E-5      -1.3895739445664448   -1.1130734136375424E-4
22011                     17    8.0101776374687844E-5      -1.3895739445664448   -1.1130734136375424E-4
14106                     17    8.0101776374687844E-5      -1.3895739445664448   -1.1130734136375424E-4
11011                     17    8.0101776374687844E-5      -1.3895739445664448   -1.1130734136375424E-4
13035                     17    8.0101776374687844E-5      -1.3895739445664448   -1.1130734136375424E-4
12036                     17    8.0101776374687844E-5      -1.3895739445664448   -1.1130734136375424E-4
05003                     17    8.0101776374687844E-5      -1.3895739445664448   -1.1130734136375424E-4
21197                     17    8.0101776374687844E-5      -1.3895739445664448   -1.1130734136375424E-4
13007                     17    8.0101776374687844E-5      -1.3895739445664448   -1.1130734136375424E-4
32006                     17    8.0101776374687844E-5      -1.3895739445664448   -1.1130734136375424E-4
32011                     17    8.0101776374687844E-5      -1.3895739445664448   -1.1130734136375424E-4
29042                     17    8.0101776374687844E-5      -1.3895739445664448   -1.1130734136375424E-4
11031                     16    7.5389907176176796E-5      -1.3985052949397125   -1.0543318437089667E-4
12081                     16    7.5389907176176796E-5      -1.3985052949397125   -1.0543318437089667E-4
28021                     16    7.5389907176176796E-5      -1.3985052949397125   -1.0543318437089667E-4
05027                     16    7.5389907176176796E-5      -1.3985052949397125   -1.0543318437089667E-4
21119                     16    7.5389907176176796E-5      -1.3985052949397125   -1.0543318437089667E-4
12033                     16    7.5389907176176796E-5      -1.3985052949397125   -1.0543318437089667E-4
14011                     16    7.5389907176176796E-5      -1.3985052949397125   -1.0543318437089667E-4
14125                     16    7.5389907176176796E-5      -1.3985052949397125   -1.0543318437089667E-4
30174                     16    7.5389907176176796E-5      -1.3985052949397125   -1.0543318437089667E-4
13022                     16    7.5389907176176796E-5      -1.3985052949397125   -1.0543318437089667E-4
14114                     16    7.5389907176176796E-5      -1.3985052949397125   -1.0543318437089667E-4
12067                     15    7.0678037977665734E-5      -1.4080132494239077   -9.9515613915839482E-5
14055                     15    7.0678037977665734E-5      -1.4080132494239077   -9.9515613915839482E-5
16024                     15    7.0678037977665734E-5      -1.4080132494239077   -9.9515613915839482E-5
11021                     15    7.0678037977665734E-5      -1.4080132494239077   -9.9515613915839482E-5
16056                     15    7.0678037977665734E-5      -1.4080132494239077   -9.9515613915839482E-5
32023                     15    7.0678037977665734E-5      -1.4080132494239077   -9.9515613915839482E-5
13047                     15    7.0678037977665734E-5      -1.4080132494239077   -9.9515613915839482E-5
16065                     15    7.0678037977665734E-5      -1.4080132494239077   -9.9515613915839482E-5
22999                     15    7.0678037977665734E-5      -1.4080132494239077   -9.9515613915839482E-5
14065                     15    7.0678037977665734E-5      -1.4080132494239077   -9.9515613915839482E-5
13038                     15    7.0678037977665734E-5      -1.4080132494239077   -9.9515613915839482E-5
21069                     15    7.0678037977665734E-5      -1.4080132494239077   -9.9515613915839482E-5
32046                     15    7.0678037977665734E-5      -1.4080132494239077   -9.9515613915839482E-5
16053                     15    7.0678037977665734E-5      -1.4080132494239077   -9.9515613915839482E-5
29040                     15    7.0678037977665734E-5      -1.4080132494239077   -9.9515613915839482E-5
13068                     14    6.5966168779154686E-5      -1.4181774284331161   -9.3551731602806507E-5
21180                     14    6.5966168779154686E-5      -1.4181774284331161   -9.3551731602806507E-5
21169                     14    6.5966168779154686E-5      -1.4181774284331161   -9.3551731602806507E-5
14086                     14    6.5966168779154686E-5      -1.4181774284331161   -9.3551731602806507E-5
14040                     14    6.5966168779154686E-5      -1.4181774284331161   -9.3551731602806507E-5
29029                     14    6.5966168779154686E-5      -1.4181774284331161   -9.3551731602806507E-5
21004                     14    6.5966168779154686E-5      -1.4181774284331161   -9.3551731602806507E-5
13032                     14    6.5966168779154686E-5      -1.4181774284331161   -9.3551731602806507E-5
29020                     14    6.5966168779154686E-5      -1.4181774284331161   -9.3551731602806507E-5
12079                     14    6.5966168779154686E-5      -1.4181774284331161   -9.3551731602806507E-5
18001                     14    6.5966168779154686E-5      -1.4181774284331161   -9.3551731602806507E-5
13064                     13    6.1254299580643638E-5      -1.4290951751328211   -8.7538223986838206E-5
29014                     13    6.1254299580643638E-5      -1.4290951751328211   -8.7538223986838206E-5
26042                     13    6.1254299580643638E-5      -1.4290951751328211   -8.7538223986838206E-5
29039                     13    6.1254299580643638E-5      -1.4290951751328211   -8.7538223986838206E-5
14087                     13    6.1254299580643638E-5      -1.4290951751328211   -8.7538223986838206E-5
21065                     13    6.1254299580643638E-5      -1.4290951751328211   -8.7538223986838206E-5
12021                     13    6.1254299580643638E-5      -1.4290951751328211   -8.7538223986838206E-5
06010                     13    6.1254299580643638E-5      -1.4290951751328211   -8.7538223986838206E-5
29007                     12     5.654243038213259E-5      -1.4408872399018522   -8.1471266450653662E-5
18010                     12     5.654243038213259E-5      -1.4408872399018522   -8.1471266450653662E-5
13004                     12     5.654243038213259E-5      -1.4408872399018522   -8.1471266450653662E-5
13079                     12     5.654243038213259E-5      -1.4408872399018522   -8.1471266450653662E-5
30204                     12     5.654243038213259E-5      -1.4408872399018522   -8.1471266450653662E-5
29053                     12     5.654243038213259E-5      -1.4408872399018522   -8.1471266450653662E-5
16033                     12     5.654243038213259E-5      -1.4408872399018522   -8.1471266450653662E-5
32041                     12     5.654243038213259E-5      -1.4408872399018522   -8.1471266450653662E-5
28009                     12     5.654243038213259E-5      -1.4408872399018522   -8.1471266450653662E-5
05022                     12     5.654243038213259E-5      -1.4408872399018522   -8.1471266450653662E-5
13078                     12     5.654243038213259E-5      -1.4408872399018522   -8.1471266450653662E-5
14092                     12     5.654243038213259E-5      -1.4408872399018522   -8.1471266450653662E-5
29012                     11    5.1830561183621542E-5      -1.4537059441027285   -7.5346394878810782E-5
32014                     11    5.1830561183621542E-5      -1.4537059441027285   -7.5346394878810782E-5
29017                     11    5.1830561183621542E-5      -1.4537059441027285   -7.5346394878810782E-5
30048                     11    5.1830561183621542E-5      -1.4537059441027285   -7.5346394878810782E-5
28019                     11    5.1830561183621542E-5      -1.4537059441027285   -7.5346394878810782E-5
10006                     11    5.1830561183621542E-5      -1.4537059441027285   -7.5346394878810782E-5
12003                     11    5.1830561183621542E-5      -1.4537059441027285   -7.5346394878810782E-5
21177                     11    5.1830561183621542E-5      -1.4537059441027285   -7.5346394878810782E-5
16087                     11    5.1830561183621542E-5      -1.4537059441027285   -7.5346394878810782E-5
28035                     11    5.1830561183621542E-5      -1.4537059441027285   -7.5346394878810782E-5
18002                     11    5.1830561183621542E-5      -1.4537059441027285   -7.5346394878810782E-5
10039                     11    5.1830561183621542E-5      -1.4537059441027285   -7.5346394878810782E-5
32025                     10    4.7118691985110494E-5      -1.4677472458785825   -6.9158330390547173E-5
29056                     10    4.7118691985110494E-5      -1.4677472458785825   -6.9158330390547173E-5
26043                     10    4.7118691985110494E-5      -1.4677472458785825   -6.9158330390547173E-5
19031                     10    4.7118691985110494E-5      -1.4677472458785825   -6.9158330390547173E-5
10021                     10    4.7118691985110494E-5      -1.4677472458785825   -6.9158330390547173E-5
12070                     10    4.7118691985110494E-5      -1.4677472458785825   -6.9158330390547173E-5
05009                     10    4.7118691985110494E-5      -1.4677472458785825   -6.9158330390547173E-5
14105                     10    4.7118691985110494E-5      -1.4677472458785825   -6.9158330390547173E-5
32009                     10    4.7118691985110494E-5      -1.4677472458785825   -6.9158330390547173E-5
30065                     10    4.7118691985110494E-5      -1.4677472458785825   -6.9158330390547173E-5
14096                     10    4.7118691985110494E-5      -1.4677472458785825   -6.9158330390547173E-5
21189                     10    4.7118691985110494E-5      -1.4677472458785825   -6.9158330390547173E-5
28037                     10    4.7118691985110494E-5      -1.4677472458785825   -6.9158330390547173E-5
21208                     10    4.7118691985110494E-5      -1.4677472458785825   -6.9158330390547173E-5
10999                     10    4.7118691985110494E-5      -1.4677472458785825   -6.9158330390547173E-5
12069                     10    4.7118691985110494E-5      -1.4677472458785825   -6.9158330390547173E-5
12004                     10    4.7118691985110494E-5      -1.4677472458785825   -6.9158330390547173E-5
18007                     10    4.7118691985110494E-5      -1.4677472458785825   -6.9158330390547173E-5
32026                     10    4.7118691985110494E-5      -1.4677472458785825   -6.9158330390547173E-5
12068                      9    4.2406822786599446E-5      -1.4832691848639921   -6.2900733467351129E-5
32015                      9    4.2406822786599446E-5      -1.4832691848639921   -6.2900733467351129E-5
13080                      9    4.2406822786599446E-5      -1.4832691848639921   -6.2900733467351129E-5
07019                      9    4.2406822786599446E-5      -1.4832691848639921   -6.2900733467351129E-5
16042                      9    4.2406822786599446E-5      -1.4832691848639921   -6.2900733467351129E-5
07031                      9    4.2406822786599446E-5      -1.4832691848639921   -6.2900733467351129E-5
29054                      9    4.2406822786599446E-5      -1.4832691848639921   -6.2900733467351129E-5
29060                      9    4.2406822786599446E-5      -1.4832691848639921   -6.2900733467351129E-5
13025                      9    4.2406822786599446E-5      -1.4832691848639921   -6.2900733467351129E-5
10015                      9    4.2406822786599446E-5      -1.4832691848639921   -6.2900733467351129E-5
16111                      9    4.2406822786599446E-5      -1.4832691848639921   -6.2900733467351129E-5
14042                      9    4.2406822786599446E-5      -1.4832691848639921   -6.2900733467351129E-5
15999                      9    4.2406822786599446E-5      -1.4832691848639921   -6.2900733467351129E-5
12043                      9    4.2406822786599446E-5      -1.4832691848639921   -6.2900733467351129E-5
30016                      9    4.2406822786599446E-5      -1.4832691848639921   -6.2900733467351129E-5
12024                      9    4.2406822786599446E-5      -1.4832691848639921   -6.2900733467351129E-5
16052                      9    4.2406822786599446E-5      -1.4832691848639921   -6.2900733467351129E-5
28040                      9    4.2406822786599446E-5      -1.4832691848639921   -6.2900733467351129E-5
11032                      9    4.2406822786599446E-5      -1.4832691848639921   -6.2900733467351129E-5
20338                      8    3.7694953588088398E-5      -1.5006212363565272   -5.6565847857759124E-5
12032                      8    3.7694953588088398E-5      -1.5006212363565272   -5.6565847857759124E-5
16030                      8    3.7694953588088398E-5      -1.5006212363565272   -5.6565847857759124E-5
14009                      8    3.7694953588088398E-5      -1.5006212363565272   -5.6565847857759124E-5
21134                      8    3.7694953588088398E-5      -1.5006212363565272   -5.6565847857759124E-5
30013                      8    3.7694953588088398E-5      -1.5006212363565272   -5.6565847857759124E-5
29022                      8    3.7694953588088398E-5      -1.5006212363565272   -5.6565847857759124E-5
14001                      8    3.7694953588088398E-5      -1.5006212363565272   -5.6565847857759124E-5
13071                      8    3.7694953588088398E-5      -1.5006212363565272   -5.6565847857759124E-5
32047                      8    3.7694953588088398E-5      -1.5006212363565272   -5.6565847857759124E-5
12009                      8    3.7694953588088398E-5      -1.5006212363565272   -5.6565847857759124E-5
13020                      8    3.7694953588088398E-5      -1.5006212363565272   -5.6565847857759124E-5
14020                      8    3.7694953588088398E-5      -1.5006212363565272   -5.6565847857759124E-5
11043                      8    3.7694953588088398E-5      -1.5006212363565272   -5.6565847857759124E-5
14014                      8    3.7694953588088398E-5      -1.5006212363565272   -5.6565847857759124E-5
22017                      8    3.7694953588088398E-5      -1.5006212363565272   -5.6565847857759124E-5
21071                      8    3.7694953588088398E-5      -1.5006212363565272   -5.6565847857759124E-5
12005                      8    3.7694953588088398E-5      -1.5006212363565272   -5.6565847857759124E-5
11042                      8    3.7694953588088398E-5      -1.5006212363565272   -5.6565847857759124E-5
14052                      8    3.7694953588088398E-5      -1.5006212363565272   -5.6565847857759124E-5
30097                      8    3.7694953588088398E-5      -1.5006212363565272   -5.6565847857759124E-5
11008                      8    3.7694953588088398E-5      -1.5006212363565272   -5.6565847857759124E-5
26033                      7    3.2983084389577343E-5      -1.5202933698499306   -5.0143964514675177E-5
28039                      7    3.2983084389577343E-5      -1.5202933698499306   -5.0143964514675177E-5
01003                      7    3.2983084389577343E-5      -1.5202933698499306   -5.0143964514675177E-5
12040                      7    3.2983084389577343E-5      -1.5202933698499306   -5.0143964514675177E-5
21175                      7    3.2983084389577343E-5      -1.5202933698499306   -5.0143964514675177E-5
10035                      7    3.2983084389577343E-5      -1.5202933698499306   -5.0143964514675177E-5
29055                      7    3.2983084389577343E-5      -1.5202933698499306   -5.0143964514675177E-5
12060                      7    3.2983084389577343E-5      -1.5202933698499306   -5.0143964514675177E-5
30015                      7    3.2983084389577343E-5      -1.5202933698499306   -5.0143964514675177E-5
06003                      7    3.2983084389577343E-5      -1.5202933698499306   -5.0143964514675177E-5
14079                      7    3.2983084389577343E-5      -1.5202933698499306   -5.0143964514675177E-5
10020                      7    3.2983084389577343E-5      -1.5202933698499306   -5.0143964514675177E-5
29052                      7    3.2983084389577343E-5      -1.5202933698499306   -5.0143964514675177E-5
19039                      7    3.2983084389577343E-5      -1.5202933698499306   -5.0143964514675177E-5
32017                      7    3.2983084389577343E-5      -1.5202933698499306   -5.0143964514675177E-5
11044                      7    3.2983084389577343E-5      -1.5202933698499306   -5.0143964514675177E-5
29003                      7    3.2983084389577343E-5      -1.5202933698499306   -5.0143964514675177E-5
16006                      7    3.2983084389577343E-5      -1.5202933698499306   -5.0143964514675177E-5
32001                      7    3.2983084389577343E-5      -1.5202933698499306   -5.0143964514675177E-5
29051                      7    3.2983084389577343E-5      -1.5202933698499306   -5.0143964514675177E-5
13033                      7    3.2983084389577343E-5      -1.5202933698499306   -5.0143964514675177E-5
30076                      7    3.2983084389577343E-5      -1.5202933698499306   -5.0143964514675177E-5
29058                      7    3.2983084389577343E-5      -1.5202933698499306   -5.0143964514675177E-5
12053                      7    3.2983084389577343E-5      -1.5202933698499306   -5.0143964514675177E-5
12059                      7    3.2983084389577343E-5      -1.5202933698499306   -5.0143964514675177E-5
01007                      7    3.2983084389577343E-5      -1.5202933698499306   -5.0143964514675177E-5
30105                      6    2.8271215191066295E-5      -1.5430031813186671   -4.3622574979559919E-5
30172                      6    2.8271215191066295E-5      -1.5430031813186671   -4.3622574979559919E-5
14051                      6    2.8271215191066295E-5      -1.5430031813186671   -4.3622574979559919E-5
28026                      6    2.8271215191066295E-5      -1.5430031813186671   -4.3622574979559919E-5
03002                      6    2.8271215191066295E-5      -1.5430031813186671   -4.3622574979559919E-5
30181                      6    2.8271215191066295E-5      -1.5430031813186671   -4.3622574979559919E-5
12063                      6    2.8271215191066295E-5      -1.5430031813186671   -4.3622574979559919E-5
14010                      6    2.8271215191066295E-5      -1.5430031813186671   -4.3622574979559919E-5
11029                      6    2.8271215191066295E-5      -1.5430031813186671   -4.3622574979559919E-5
01002                      6    2.8271215191066295E-5      -1.5430031813186671   -4.3622574979559919E-5
29016                      6    2.8271215191066295E-5      -1.5430031813186671   -4.3622574979559919E-5
29011                      6    2.8271215191066295E-5      -1.5430031813186671   -4.3622574979559919E-5
14026                      6    2.8271215191066295E-5      -1.5430031813186671   -4.3622574979559919E-5
29050                      6    2.8271215191066295E-5      -1.5430031813186671   -4.3622574979559919E-5
30121                      6    2.8271215191066295E-5      -1.5430031813186671   -4.3622574979559919E-5
32016                      6    2.8271215191066295E-5      -1.5430031813186671   -4.3622574979559919E-5
32058                      6    2.8271215191066295E-5      -1.5430031813186671   -4.3622574979559919E-5
11019                      6    2.8271215191066295E-5      -1.5430031813186671   -4.3622574979559919E-5
30032                      6    2.8271215191066295E-5      -1.5430031813186671   -4.3622574979559919E-5
16070                      6    2.8271215191066295E-5      -1.5430031813186671   -4.3622574979559919E-5
18006                      6    2.8271215191066295E-5      -1.5430031813186671   -4.3622574979559919E-5
13065                      6    2.8271215191066295E-5      -1.5430031813186671   -4.3622574979559919E-5
12034                      6    2.8271215191066295E-5      -1.5430031813186671   -4.3622574979559919E-5
22005                      6    2.8271215191066295E-5      -1.5430031813186671   -4.3622574979559919E-5
14032                      6    2.8271215191066295E-5      -1.5430031813186671   -4.3622574979559919E-5
30082                      6    2.8271215191066295E-5      -1.5430031813186671   -4.3622574979559919E-5
30109                      6    2.8271215191066295E-5      -1.5430031813186671   -4.3622574979559919E-5
32053                      6    2.8271215191066295E-5      -1.5430031813186671   -4.3622574979559919E-5
12048                      6    2.8271215191066295E-5      -1.5430031813186671   -4.3622574979559919E-5
07078                      6    2.8271215191066295E-5      -1.5430031813186671   -4.3622574979559919E-5
21098                      5    2.3559345992555247E-5      -1.5698631872953974   -3.6984949990467826E-5
05018                      5    2.3559345992555247E-5      -1.5698631872953974   -3.6984949990467826E-5
14089                      5    2.3559345992555247E-5      -1.5698631872953974   -3.6984949990467826E-5
14038                      5    2.3559345992555247E-5      -1.5698631872953974   -3.6984949990467826E-5
21001                      5    2.3559345992555247E-5      -1.5698631872953974   -3.6984949990467826E-5
28030                      5    2.3559345992555247E-5      -1.5698631872953974   -3.6984949990467826E-5
14069                      5    2.3559345992555247E-5      -1.5698631872953974   -3.6984949990467826E-5
22001                      5    2.3559345992555247E-5      -1.5698631872953974   -3.6984949990467826E-5
32054                      5    2.3559345992555247E-5      -1.5698631872953974   -3.6984949990467826E-5
07027                      5    2.3559345992555247E-5      -1.5698631872953974   -3.6984949990467826E-5
07999                      5    2.3559345992555247E-5      -1.5698631872953974   -3.6984949990467826E-5
01005                      5    2.3559345992555247E-5      -1.5698631872953974   -3.6984949990467826E-5
18013                      5    2.3559345992555247E-5      -1.5698631872953974   -3.6984949990467826E-5
07012                      5    2.3559345992555247E-5      -1.5698631872953974   -3.6984949990467826E-5
30072                      5    2.3559345992555247E-5      -1.5698631872953974   -3.6984949990467826E-5
06001                      5    2.3559345992555247E-5      -1.5698631872953974   -3.6984949990467826E-5
29047                      5    2.3559345992555247E-5      -1.5698631872953974   -3.6984949990467826E-5
21085                      5    2.3559345992555247E-5      -1.5698631872953974   -3.6984949990467826E-5
11012                      5    2.3559345992555247E-5      -1.5698631872953974   -3.6984949990467826E-5
14061                      5    2.3559345992555247E-5      -1.5698631872953974   -3.6984949990467826E-5
30111                      5    2.3559345992555247E-5      -1.5698631872953974   -3.6984949990467826E-5
13043                      5    2.3559345992555247E-5      -1.5698631872953974   -3.6984949990467826E-5
10033                      5    2.3559345992555247E-5      -1.5698631872953974   -3.6984949990467826E-5
14076                      5    2.3559345992555247E-5      -1.5698631872953974   -3.6984949990467826E-5
14057                      5    2.3559345992555247E-5      -1.5698631872953974   -3.6984949990467826E-5
14115                      5    2.3559345992555247E-5      -1.5698631872953974   -3.6984949990467826E-5
21096                      5    2.3559345992555247E-5      -1.5698631872953974   -3.6984949990467826E-5
16084                      5    2.3559345992555247E-5      -1.5698631872953974   -3.6984949990467826E-5
14109                      5    2.3559345992555247E-5      -1.5698631872953974   -3.6984949990467826E-5
30170                      5    2.3559345992555247E-5      -1.5698631872953974   -3.6984949990467826E-5
12020                      5    2.3559345992555247E-5      -1.5698631872953974   -3.6984949990467826E-5
26026                      5    2.3559345992555247E-5      -1.5698631872953974   -3.6984949990467826E-5
32031                      5    2.3559345992555247E-5      -1.5698631872953974   -3.6984949990467826E-5
07097                      5    2.3559345992555247E-5      -1.5698631872953974   -3.6984949990467826E-5
10037                      4    1.8847476794044199E-5      -1.6027371777733419   -3.0207551765034952E-5
26048                      4    1.8847476794044199E-5      -1.6027371777733419   -3.0207551765034952E-5
07061                      4    1.8847476794044199E-5      -1.6027371777733419   -3.0207551765034952E-5
13026                      4    1.8847476794044199E-5      -1.6027371777733419   -3.0207551765034952E-5
21205                      4    1.8847476794044199E-5      -1.6027371777733419   -3.0207551765034952E-5
30011                      4    1.8847476794044199E-5      -1.6027371777733419   -3.0207551765034952E-5
05037                      4    1.8847476794044199E-5      -1.6027371777733419   -3.0207551765034952E-5
30054                      4    1.8847476794044199E-5      -1.6027371777733419   -3.0207551765034952E-5
16021                      4    1.8847476794044199E-5      -1.6027371777733419   -3.0207551765034952E-5
12039                      4    1.8847476794044199E-5      -1.6027371777733419   -3.0207551765034952E-5
29035                      4    1.8847476794044199E-5      -1.6027371777733419   -3.0207551765034952E-5
14028                      4    1.8847476794044199E-5      -1.6027371777733419   -3.0207551765034952E-5
04003                      4    1.8847476794044199E-5      -1.6027371777733419   -3.0207551765034952E-5
32030                      4    1.8847476794044199E-5      -1.6027371777733419   -3.0207551765034952E-5
12044                      4    1.8847476794044199E-5      -1.6027371777733419   -3.0207551765034952E-5
14123                      4    1.8847476794044199E-5      -1.6027371777733419   -3.0207551765034952E-5
29045                      4    1.8847476794044199E-5      -1.6027371777733419   -3.0207551765034952E-5
30112                      4    1.8847476794044199E-5      -1.6027371777733419   -3.0207551765034952E-5
26012                      4    1.8847476794044199E-5      -1.6027371777733419   -3.0207551765034952E-5
10002                      4    1.8847476794044199E-5      -1.6027371777733419   -3.0207551765034952E-5
22010                      4    1.8847476794044199E-5      -1.6027371777733419   -3.0207551765034952E-5
21117                      4    1.8847476794044199E-5      -1.6027371777733419   -3.0207551765034952E-5
30142                      4    1.8847476794044199E-5      -1.6027371777733419   -3.0207551765034952E-5
21113                      4    1.8847476794044199E-5      -1.6027371777733419   -3.0207551765034952E-5
14107                      4    1.8847476794044199E-5      -1.6027371777733419   -3.0207551765034952E-5
16058                      4    1.8847476794044199E-5      -1.6027371777733419   -3.0207551765034952E-5
12022                      4    1.8847476794044199E-5      -1.6027371777733419   -3.0207551765034952E-5
21070                      4    1.8847476794044199E-5      -1.6027371777733419   -3.0207551765034952E-5
02999                      4    1.8847476794044199E-5      -1.6027371777733419   -3.0207551765034952E-5
07054                      4    1.8847476794044199E-5      -1.6027371777733419   -3.0207551765034952E-5
12050                      4    1.8847476794044199E-5      -1.6027371777733419   -3.0207551765034952E-5
30154                      4    1.8847476794044199E-5      -1.6027371777733419   -3.0207551765034952E-5
30178                      4    1.8847476794044199E-5      -1.6027371777733419   -3.0207551765034952E-5
31013                      4    1.8847476794044199E-5      -1.6027371777733419   -3.0207551765034952E-5
19009                      4    1.8847476794044199E-5      -1.6027371777733419   -3.0207551765034952E-5
05019                      4    1.8847476794044199E-5      -1.6027371777733419   -3.0207551765034952E-5
30206                      4    1.8847476794044199E-5      -1.6027371777733419   -3.0207551765034952E-5
11027                      4    1.8847476794044199E-5      -1.6027371777733419   -3.0207551765034952E-5
14005                      4    1.8847476794044199E-5      -1.6027371777733419   -3.0207551765034952E-5
30207                      4    1.8847476794044199E-5      -1.6027371777733419   -3.0207551765034952E-5
05004                      4    1.8847476794044199E-5      -1.6027371777733419   -3.0207551765034952E-5
10031                      4    1.8847476794044199E-5      -1.6027371777733419   -3.0207551765034952E-5
22012                      4    1.8847476794044199E-5      -1.6027371777733419   -3.0207551765034952E-5
05010                      3    1.4135607595533147E-5      -1.6451191227354818   -2.3254758366896504E-5
06006                      3    1.4135607595533147E-5      -1.6451191227354818   -2.3254758366896504E-5
05028                      3    1.4135607595533147E-5      -1.6451191227354818   -2.3254758366896504E-5
14111                      3    1.4135607595533147E-5      -1.6451191227354818   -2.3254758366896504E-5
21088                      3    1.4135607595533147E-5      -1.6451191227354818   -2.3254758366896504E-5
30035                      3    1.4135607595533147E-5      -1.6451191227354818   -2.3254758366896504E-5
14034                      3    1.4135607595533147E-5      -1.6451191227354818   -2.3254758366896504E-5
14004                      3    1.4135607595533147E-5      -1.6451191227354818   -2.3254758366896504E-5
07096                      3    1.4135607595533147E-5      -1.6451191227354818   -2.3254758366896504E-5
32008                      3    1.4135607595533147E-5      -1.6451191227354818   -2.3254758366896504E-5
14075                      3    1.4135607595533147E-5      -1.6451191227354818   -2.3254758366896504E-5
14056                      3    1.4135607595533147E-5      -1.6451191227354818   -2.3254758366896504E-5
05024                      3    1.4135607595533147E-5      -1.6451191227354818   -2.3254758366896504E-5
14019                      3    1.4135607595533147E-5      -1.6451191227354818   -2.3254758366896504E-5
21153                      3    1.4135607595533147E-5      -1.6451191227354818   -2.3254758366896504E-5
11001                      3    1.4135607595533147E-5      -1.6451191227354818   -2.3254758366896504E-5
12072                      3    1.4135607595533147E-5      -1.6451191227354818   -2.3254758366896504E-5
07069                      3    1.4135607595533147E-5      -1.6451191227354818   -2.3254758366896504E-5
27999                      3    1.4135607595533147E-5      -1.6451191227354818   -2.3254758366896504E-5
10009                      3    1.4135607595533147E-5      -1.6451191227354818   -2.3254758366896504E-5
10019                      3    1.4135607595533147E-5      -1.6451191227354818   -2.3254758366896504E-5
21104                      3    1.4135607595533147E-5      -1.6451191227354818   -2.3254758366896504E-5
07072                      3    1.4135607595533147E-5      -1.6451191227354818   -2.3254758366896504E-5
07108                      3    1.4135607595533147E-5      -1.6451191227354818   -2.3254758366896504E-5
22008                      3    1.4135607595533147E-5      -1.6451191227354818   -2.3254758366896504E-5
20570                      3    1.4135607595533147E-5      -1.6451191227354818   -2.3254758366896504E-5
21082                      3    1.4135607595533147E-5      -1.6451191227354818   -2.3254758366896504E-5
19013                      3    1.4135607595533147E-5      -1.6451191227354818   -2.3254758366896504E-5
30089                      3    1.4135607595533147E-5      -1.6451191227354818   -2.3254758366896504E-5
15044                      3    1.4135607595533147E-5      -1.6451191227354818   -2.3254758366896504E-5
16112                      3    1.4135607595533147E-5      -1.6451191227354818   -2.3254758366896504E-5
21128                      3    1.4135607595533147E-5      -1.6451191227354818   -2.3254758366896504E-5
07052                      3    1.4135607595533147E-5      -1.6451191227354818   -2.3254758366896504E-5
01006                      3    1.4135607595533147E-5      -1.6451191227354818   -2.3254758366896504E-5
32004                      3    1.4135607595533147E-5      -1.6451191227354818   -2.3254758366896504E-5
11013                      3    1.4135607595533147E-5      -1.6451191227354818   -2.3254758366896504E-5
14112                      3    1.4135607595533147E-5      -1.6451191227354818   -2.3254758366896504E-5
21172                      3    1.4135607595533147E-5      -1.6451191227354818   -2.3254758366896504E-5
22007                      3    1.4135607595533147E-5      -1.6451191227354818   -2.3254758366896504E-5
10030                      3    1.4135607595533147E-5      -1.6451191227354818   -2.3254758366896504E-5
30073                      3    1.4135607595533147E-5      -1.6451191227354818   -2.3254758366896504E-5
19038                      3    1.4135607595533147E-5      -1.6451191227354818   -2.3254758366896504E-5
32013                      3    1.4135607595533147E-5      -1.6451191227354818   -2.3254758366896504E-5
31020                      3    1.4135607595533147E-5      -1.6451191227354818   -2.3254758366896504E-5
12051                      3    1.4135607595533147E-5      -1.6451191227354818   -2.3254758366896504E-5
12037                      3    1.4135607595533147E-5      -1.6451191227354818   -2.3254758366896504E-5
30198                      3    1.4135607595533147E-5      -1.6451191227354818   -2.3254758366896504E-5
12015                      3    1.4135607595533147E-5      -1.6451191227354818   -2.3254758366896504E-5
12076                      3    1.4135607595533147E-5      -1.6451191227354818   -2.3254758366896504E-5
30208                      3    1.4135607595533147E-5      -1.6451191227354818   -2.3254758366896504E-5
11017                      3    1.4135607595533147E-5      -1.6451191227354818   -2.3254758366896504E-5
14036                      3    1.4135607595533147E-5      -1.6451191227354818   -2.3254758366896504E-5
11038                      3    1.4135607595533147E-5      -1.6451191227354818   -2.3254758366896504E-5
30143                      3    1.4135607595533147E-5      -1.6451191227354818   -2.3254758366896504E-5
30094                      3    1.4135607595533147E-5      -1.6451191227354818   -2.3254758366896504E-5
20565                      3    1.4135607595533147E-5      -1.6451191227354818   -2.3254758366896504E-5
29049                      3    1.4135607595533147E-5      -1.6451191227354818   -2.3254758366896504E-5
11026                      3    1.4135607595533147E-5      -1.6451191227354818   -2.3254758366896504E-5
21102                      2    9.4237383970220994E-6      -1.7048531191901568   -1.6066089800595174E-5
16110                      2    9.4237383970220994E-6      -1.7048531191901568   -1.6066089800595174E-5
30126                      2    9.4237383970220994E-6      -1.7048531191901568   -1.6066089800595174E-5
15029                      2    9.4237383970220994E-6      -1.7048531191901568   -1.6066089800595174E-5
21017                      2    9.4237383970220994E-6      -1.7048531191901568   -1.6066089800595174E-5
29009                      2    9.4237383970220994E-6      -1.7048531191901568   -1.6066089800595174E-5
21048                      2    9.4237383970220994E-6      -1.7048531191901568   -1.6066089800595174E-5
07066                      2    9.4237383970220994E-6      -1.7048531191901568   -1.6066089800595174E-5
30122                      2    9.4237383970220994E-6      -1.7048531191901568   -1.6066089800595174E-5
30120                      2    9.4237383970220994E-6      -1.7048531191901568   -1.6066089800595174E-5
04004                      2    9.4237383970220994E-6      -1.7048531191901568   -1.6066089800595174E-5
14104                      2    9.4237383970220994E-6      -1.7048531191901568   -1.6066089800595174E-5
14031                      2    9.4237383970220994E-6      -1.7048531191901568   -1.6066089800595174E-5
30077                      2    9.4237383970220994E-6      -1.7048531191901568   -1.6066089800595174E-5
21144                      2    9.4237383970220994E-6      -1.7048531191901568   -1.6066089800595174E-5
20364                      2    9.4237383970220994E-6      -1.7048531191901568   -1.6066089800595174E-5
14049                      2    9.4237383970220994E-6      -1.7048531191901568   -1.6066089800595174E-5
12006                      2    9.4237383970220994E-6      -1.7048531191901568   -1.6066089800595174E-5
26019                      2    9.4237383970220994E-6      -1.7048531191901568   -1.6066089800595174E-5
29037                      2    9.4237383970220994E-6      -1.7048531191901568   -1.6066089800595174E-5
21022                      2    9.4237383970220994E-6      -1.7048531191901568   -1.6066089800595174E-5
07100                      2    9.4237383970220994E-6      -1.7048531191901568   -1.6066089800595174E-5
30191                      2    9.4237383970220994E-6      -1.7048531191901568   -1.6066089800595174E-5
31059                      2    9.4237383970220994E-6      -1.7048531191901568   -1.6066089800595174E-5
28012                      2    9.4237383970220994E-6      -1.7048531191901568   -1.6066089800595174E-5
16059                      2    9.4237383970220994E-6      -1.7048531191901568   -1.6066089800595174E-5
18003                      2    9.4237383970220994E-6      -1.7048531191901568   -1.6066089800595174E-5
19046                      2    9.4237383970220994E-6      -1.7048531191901568   -1.6066089800595174E-5
28031                      2    9.4237383970220994E-6      -1.7048531191901568   -1.6066089800595174E-5
12065                      2    9.4237383970220994E-6      -1.7048531191901568   -1.6066089800595174E-5
12999                      2    9.4237383970220994E-6      -1.7048531191901568   -1.6066089800595174E-5
20545                      2    9.4237383970220994E-6      -1.7048531191901568   -1.6066089800595174E-5
30169                      2    9.4237383970220994E-6      -1.7048531191901568   -1.6066089800595174E-5
31080                      2    9.4237383970220994E-6      -1.7048531191901568   -1.6066089800595174E-5
21123                      2    9.4237383970220994E-6      -1.7048531191901568   -1.6066089800595174E-5
21163                      2    9.4237383970220994E-6      -1.7048531191901568   -1.6066089800595174E-5
22003                      2    9.4237383970220994E-6      -1.7048531191901568   -1.6066089800595174E-5
21034                      2    9.4237383970220994E-6      -1.7048531191901568   -1.6066089800595174E-5
19021                      2    9.4237383970220994E-6      -1.7048531191901568   -1.6066089800595174E-5
14018                      2    9.4237383970220994E-6      -1.7048531191901568   -1.6066089800595174E-5
11025                      2    9.4237383970220994E-6      -1.7048531191901568   -1.6066089800595174E-5
30100                      2    9.4237383970220994E-6      -1.7048531191901568   -1.6066089800595174E-5
07111                      2    9.4237383970220994E-6      -1.7048531191901568   -1.6066089800595174E-5
21042                      2    9.4237383970220994E-6      -1.7048531191901568   -1.6066089800595174E-5
06008                      2    9.4237383970220994E-6      -1.7048531191901568   -1.6066089800595174E-5
30060                      2    9.4237383970220994E-6      -1.7048531191901568   -1.6066089800595174E-5
30176                      2    9.4237383970220994E-6      -1.7048531191901568   -1.6066089800595174E-5
11006                      2    9.4237383970220994E-6      -1.7048531191901568   -1.6066089800595174E-5
11039                      2    9.4237383970220994E-6      -1.7048531191901568   -1.6066089800595174E-5
06004                      2    9.4237383970220994E-6      -1.7048531191901568   -1.6066089800595174E-5
16050                      2    9.4237383970220994E-6      -1.7048531191901568   -1.6066089800595174E-5
30038                      2    9.4237383970220994E-6      -1.7048531191901568   -1.6066089800595174E-5
14117                      2    9.4237383970220994E-6      -1.7048531191901568   -1.6066089800595174E-5
19004                      2    9.4237383970220994E-6      -1.7048531191901568   -1.6066089800595174E-5
21182                      2    9.4237383970220994E-6      -1.7048531191901568   -1.6066089800595174E-5
19044                      2    9.4237383970220994E-6      -1.7048531191901568   -1.6066089800595174E-5
14007                      2    9.4237383970220994E-6      -1.7048531191901568   -1.6066089800595174E-5
01011                      2    9.4237383970220994E-6      -1.7048531191901568   -1.6066089800595174E-5
05012                      2    9.4237383970220994E-6      -1.7048531191901568   -1.6066089800595174E-5
06005                      2    9.4237383970220994E-6      -1.7048531191901568   -1.6066089800595174E-5
32003                      2    9.4237383970220994E-6      -1.7048531191901568   -1.6066089800595174E-5
19045                      2    9.4237383970220994E-6      -1.7048531191901568   -1.6066089800595174E-5
20549                      2    9.4237383970220994E-6      -1.7048531191901568   -1.6066089800595174E-5
21188                      2    9.4237383970220994E-6      -1.7048531191901568   -1.6066089800595174E-5
16090                      2    9.4237383970220994E-6      -1.7048531191901568   -1.6066089800595174E-5
11045                      2    9.4237383970220994E-6      -1.7048531191901568   -1.6066089800595174E-5
07009                      2    9.4237383970220994E-6      -1.7048531191901568   -1.6066089800595174E-5
18014                      2    9.4237383970220994E-6      -1.7048531191901568   -1.6066089800595174E-5
14060                      2    9.4237383970220994E-6      -1.7048531191901568   -1.6066089800595174E-5
21053                      2    9.4237383970220994E-6      -1.7048531191901568   -1.6066089800595174E-5
32050                      2    9.4237383970220994E-6      -1.7048531191901568   -1.6066089800595174E-5
22004                      2    9.4237383970220994E-6      -1.7048531191901568   -1.6066089800595174E-5
16095                      2    9.4237383970220994E-6      -1.7048531191901568   -1.6066089800595174E-5
21109                      1    4.7118691985110497E-6      -1.8069690606069717   -8.5142018593364362E-6
21173                      1    4.7118691985110497E-6      -1.8069690606069717   -8.5142018593364362E-6
14054                      1    4.7118691985110497E-6      -1.8069690606069717   -8.5142018593364362E-6
21194                      1    4.7118691985110497E-6      -1.8069690606069717   -8.5142018593364362E-6
07002                      1    4.7118691985110497E-6      -1.8069690606069717   -8.5142018593364362E-6
19006                      1    4.7118691985110497E-6      -1.8069690606069717   -8.5142018593364362E-6
08032                      1    4.7118691985110497E-6      -1.8069690606069717   -8.5142018593364362E-6
14077                      1    4.7118691985110497E-6      -1.8069690606069717   -8.5142018593364362E-6
14095                      1    4.7118691985110497E-6      -1.8069690606069717   -8.5142018593364362E-6
12027                      1    4.7118691985110497E-6      -1.8069690606069717   -8.5142018593364362E-6
05023                      1    4.7118691985110497E-6      -1.8069690606069717   -8.5142018593364362E-6
14071                      1    4.7118691985110497E-6      -1.8069690606069717   -8.5142018593364362E-6
05006                      1    4.7118691985110497E-6      -1.8069690606069717   -8.5142018593364362E-6
26071                      1    4.7118691985110497E-6      -1.8069690606069717   -8.5142018593364362E-6
30075                      1    4.7118691985110497E-6      -1.8069690606069717   -8.5142018593364362E-6
28033                      1    4.7118691985110497E-6      -1.8069690606069717   -8.5142018593364362E-6
05005                      1    4.7118691985110497E-6      -1.8069690606069717   -8.5142018593364362E-6
30199                      1    4.7118691985110497E-6      -1.8069690606069717   -8.5142018593364362E-6
12026                      1    4.7118691985110497E-6      -1.8069690606069717   -8.5142018593364362E-6
21138                      1    4.7118691985110497E-6      -1.8069690606069717   -8.5142018593364362E-6
21043                      1    4.7118691985110497E-6      -1.8069690606069717   -8.5142018593364362E-6
07093                      1    4.7118691985110497E-6      -1.8069690606069717   -8.5142018593364362E-6
30005                      1    4.7118691985110497E-6      -1.8069690606069717   -8.5142018593364362E-6
05001                      1    4.7118691985110497E-6      -1.8069690606069717   -8.5142018593364362E-6
26055                      1    4.7118691985110497E-6      -1.8069690606069717   -8.5142018593364362E-6
16069                      1    4.7118691985110497E-6      -1.8069690606069717   -8.5142018593364362E-6
12058                      1    4.7118691985110497E-6      -1.8069690606069717   -8.5142018593364362E-6
30104                      1    4.7118691985110497E-6      -1.8069690606069717   -8.5142018593364362E-6
12073                      1    4.7118691985110497E-6      -1.8069690606069717   -8.5142018593364362E-6
21086                      1    4.7118691985110497E-6      -1.8069690606069717   -8.5142018593364362E-6
30153                      1    4.7118691985110497E-6      -1.8069690606069717   -8.5142018593364362E-6
21203                      1    4.7118691985110497E-6      -1.8069690606069717   -8.5142018593364362E-6
01008                      1    4.7118691985110497E-6      -1.8069690606069717   -8.5142018593364362E-6
05014                      1    4.7118691985110497E-6      -1.8069690606069717   -8.5142018593364362E-6
10003                      1    4.7118691985110497E-6      -1.8069690606069717   -8.5142018593364362E-6
30116                      1    4.7118691985110497E-6      -1.8069690606069717   -8.5142018593364362E-6
11036                      1    4.7118691985110497E-6      -1.8069690606069717   -8.5142018593364362E-6
04011                      1    4.7118691985110497E-6      -1.8069690606069717   -8.5142018593364362E-6
12017                      1    4.7118691985110497E-6      -1.8069690606069717   -8.5142018593364362E-6
21147                      1    4.7118691985110497E-6      -1.8069690606069717   -8.5142018593364362E-6
07109                      1    4.7118691985110497E-6      -1.8069690606069717   -8.5142018593364362E-6
30144                      1    4.7118691985110497E-6      -1.8069690606069717   -8.5142018593364362E-6
21174                      1    4.7118691985110497E-6      -1.8069690606069717   -8.5142018593364362E-6
22009                      1    4.7118691985110497E-6      -1.8069690606069717   -8.5142018593364362E-6
15106                      1    4.7118691985110497E-6      -1.8069690606069717   -8.5142018593364362E-6
14062                      1    4.7118691985110497E-6      -1.8069690606069717   -8.5142018593364362E-6
31011                      1    4.7118691985110497E-6      -1.8069690606069717   -8.5142018593364362E-6
24028                      1    4.7118691985110497E-6      -1.8069690606069717   -8.5142018593364362E-6
15069                      1    4.7118691985110497E-6      -1.8069690606069717   -8.5142018593364362E-6
07094                      1    4.7118691985110497E-6      -1.8069690606069717   -8.5142018593364362E-6
28016                      1    4.7118691985110497E-6      -1.8069690606069717   -8.5142018593364362E-6
30092                      1    4.7118691985110497E-6      -1.8069690606069717   -8.5142018593364362E-6
21094                      1    4.7118691985110497E-6      -1.8069690606069717   -8.5142018593364362E-6
07063                      1    4.7118691985110497E-6      -1.8069690606069717   -8.5142018593364362E-6
04009                      1    4.7118691985110497E-6      -1.8069690606069717   -8.5142018593364362E-6
21133                      1    4.7118691985110497E-6      -1.8069690606069717   -8.5142018593364362E-6
21186                      1    4.7118691985110497E-6      -1.8069690606069717   -8.5142018593364362E-6
30212                      1    4.7118691985110497E-6      -1.8069690606069717   -8.5142018593364362E-6
30156                      1    4.7118691985110497E-6      -1.8069690606069717   -8.5142018593364362E-6
26041                      1    4.7118691985110497E-6      -1.8069690606069717   -8.5142018593364362E-6
21092                      1    4.7118691985110497E-6      -1.8069690606069717   -8.5142018593364362E-6
16035                      1    4.7118691985110497E-6      -1.8069690606069717   -8.5142018593364362E-6
21090                      1    4.7118691985110497E-6      -1.8069690606069717   -8.5142018593364362E-6
10012                      1    4.7118691985110497E-6      -1.8069690606069717   -8.5142018593364362E-6
26003                      1    4.7118691985110497E-6      -1.8069690606069717   -8.5142018593364362E-6
10027                      1    4.7118691985110497E-6      -1.8069690606069717   -8.5142018593364362E-6
21151                      1    4.7118691985110497E-6      -1.8069690606069717   -8.5142018593364362E-6
07065                      1    4.7118691985110497E-6      -1.8069690606069717   -8.5142018593364362E-6
22002                      1    4.7118691985110497E-6      -1.8069690606069717   -8.5142018593364362E-6
07059                      1    4.7118691985110497E-6      -1.8069690606069717   -8.5142018593364362E-6
07026                      1    4.7118691985110497E-6      -1.8069690606069717   -8.5142018593364362E-6
10024                      1    4.7118691985110497E-6      -1.8069690606069717   -8.5142018593364362E-6
26002                      1    4.7118691985110497E-6      -1.8069690606069717   -8.5142018593364362E-6
30012                      1    4.7118691985110497E-6      -1.8069690606069717   -8.5142018593364362E-6
16015                      1    4.7118691985110497E-6      -1.8069690606069717   -8.5142018593364362E-6
07045                      1    4.7118691985110497E-6      -1.8069690606069717   -8.5142018593364362E-6
23010                      1    4.7118691985110497E-6      -1.8069690606069717   -8.5142018593364362E-6
21078                      1    4.7118691985110497E-6      -1.8069690606069717   -8.5142018593364362E-6
21045                      1    4.7118691985110497E-6      -1.8069690606069717   -8.5142018593364362E-6
21060                      1    4.7118691985110497E-6      -1.8069690606069717   -8.5142018593364362E-6
21156                      1    4.7118691985110497E-6      -1.8069690606069717   -8.5142018593364362E-6
21037                      1    4.7118691985110497E-6      -1.8069690606069717   -8.5142018593364362E-6
26017                      1    4.7118691985110497E-6      -1.8069690606069717   -8.5142018593364362E-6
21018                      1    4.7118691985110497E-6      -1.8069690606069717   -8.5142018593364362E-6
29059                      1    4.7118691985110497E-6      -1.8069690606069717   -8.5142018593364362E-6
10034                      1    4.7118691985110497E-6      -1.8069690606069717   -8.5142018593364362E-6
30130                      1    4.7118691985110497E-6      -1.8069690606069717   -8.5142018593364362E-6
05999                      1    4.7118691985110497E-6      -1.8069690606069717   -8.5142018593364362E-6
05034                      1    4.7118691985110497E-6      -1.8069690606069717   -8.5142018593364362E-6
19026                      1    4.7118691985110497E-6      -1.8069690606069717   -8.5142018593364362E-6
10010                      1    4.7118691985110497E-6      -1.8069690606069717   -8.5142018593364362E-6
07016                      1    4.7118691985110497E-6      -1.8069690606069717   -8.5142018593364362E-6
11999                      1    4.7118691985110497E-6      -1.8069690606069717   -8.5142018593364362E-6
30132                      1    4.7118691985110497E-6      -1.8069690606069717   -8.5142018593364362E-6
05002                      1    4.7118691985110497E-6      -1.8069690606069717   -8.5142018593364362E-6
30059                      1    4.7118691985110497E-6      -1.8069690606069717   -8.5142018593364362E-6
32043                      1    4.7118691985110497E-6      -1.8069690606069717   -8.5142018593364362E-6
14103                      1    4.7118691985110497E-6      -1.8069690606069717   -8.5142018593364362E-6
21150                      1    4.7118691985110497E-6      -1.8069690606069717   -8.5142018593364362E-6
16002                      1    4.7118691985110497E-6      -1.8069690606069717   -8.5142018593364362E-6
12064                      1    4.7118691985110497E-6      -1.8069690606069717   -8.5142018593364362E-6
21006                      1    4.7118691985110497E-6      -1.8069690606069717   -8.5142018593364362E-6
21107                      1    4.7118691985110497E-6      -1.8069690606069717   -8.5142018593364362E-6
30118                      1    4.7118691985110497E-6      -1.8069690606069717   -8.5142018593364362E-6
30146                      1    4.7118691985110497E-6      -1.8069690606069717   -8.5142018593364362E-6
29057                      1    4.7118691985110497E-6      -1.8069690606069717   -8.5142018593364362E-6
01009                      1    4.7118691985110497E-6      -1.8069690606069717   -8.5142018593364362E-6
31040                      1    4.7118691985110497E-6      -1.8069690606069717   -8.5142018593364362E-6
07107                      1    4.7118691985110497E-6      -1.8069690606069717   -8.5142018593364362E-6
32018                      1    4.7118691985110497E-6      -1.8069690606069717   -8.5142018593364362E-6
12008                      1    4.7118691985110497E-6      -1.8069690606069717   -8.5142018593364362E-6
11022                      1    4.7118691985110497E-6      -1.8069690606069717   -8.5142018593364362E-6
22013                      1    4.7118691985110497E-6      -1.8069690606069717   -8.5142018593364362E-6
18005                      1    4.7118691985110497E-6      -1.8069690606069717   -8.5142018593364362E-6
21023                      1    4.7118691985110497E-6      -1.8069690606069717   -8.5142018593364362E-6
20059                      1    4.7118691985110497E-6      -1.8069690606069717   -8.5142018593364362E-6
18999                      1    4.7118691985110497E-6      -1.8069690606069717   -8.5142018593364362E-6
19017                      1    4.7118691985110497E-6      -1.8069690606069717   -8.5142018593364362E-6
19010                      1    4.7118691985110497E-6      -1.8069690606069717   -8.5142018593364362E-6
20184                      1    4.7118691985110497E-6      -1.8069690606069717   -8.5142018593364362E-6
21215                      1    4.7118691985110497E-6      -1.8069690606069717   -8.5142018593364362E-6
21038                      1    4.7118691985110497E-6      -1.8069690606069717   -8.5142018593364362E-6
26031                      1    4.7118691985110497E-6      -1.8069690606069717   -8.5142018593364362E-6
26029                      1    4.7118691985110497E-6      -1.8069690606069717   -8.5142018593364362E-6
11018                      1    4.7118691985110497E-6      -1.8069690606069717   -8.5142018593364362E-6
07020                      1    4.7118691985110497E-6      -1.8069690606069717   -8.5142018593364362E-6
07075                      1    4.7118691985110497E-6      -1.8069690606069717   -8.5142018593364362E-6
08021                      1    4.7118691985110497E-6      -1.8069690606069717   -8.5142018593364362E-6
23004                      1    4.7118691985110497E-6      -1.8069690606069717   -8.5142018593364362E-6
23003                      1    4.7118691985110497E-6      -1.8069690606069717   -8.5142018593364362E-6
30102                      1    4.7118691985110497E-6      -1.8069690606069717   -8.5142018593364362E-6
30210                      1    4.7118691985110497E-6      -1.8069690606069717   -8.5142018593364362E-6
30070                      1    4.7118691985110497E-6      -1.8069690606069717   -8.5142018593364362E-6
30134                      1    4.7118691985110497E-6      -1.8069690606069717   -8.5142018593364362E-6
21213                      1    4.7118691985110497E-6      -1.8069690606069717   -8.5142018593364362E-6
30026                      1    4.7118691985110497E-6      -1.8069690606069717   -8.5142018593364362E-6
21079                      1    4.7118691985110497E-6      -1.8069690606069717   -8.5142018593364362E-6
21041                      1    4.7118691985110497E-6      -1.8069690606069717   -8.5142018593364362E-6
07017                      1    4.7118691985110497E-6      -1.8069690606069717   -8.5142018593364362E-6
10026                      1    4.7118691985110497E-6      -1.8069690606069717   -8.5142018593364362E-6

(887 rows affected)
Total_Delitos Total_Probabilidad       Entropy                 
------------- ------------------------ ------------------------
       212230       1.0000000000000018      0.28441924710473804

(1 rows affected)
