Changed database context to 'mexicoDATA'.
-->Numero de conjuntos := 46

(46 rows affected)
totalca2   Repeticion_Delito Probabilidad             logProb                  plog_p                  
---------- ----------------- ------------------------ ------------------------ ------------------------
NSS                  152154      0.71692974603025017   -8.6917888603971885E-2   -6.2314019802331137E-2
1                     52841      0.24897988031852236     -0.36315315113886687   -9.0417828107849332E-2
2                      4632    2.1825378127503181E-2     -0.99896580951251523   -2.1802806529057958E-2
3                      1463    6.8934646374216651E-3      -1.2999863279892683   -8.9614097811256625E-3
4                       527     2.483155067615323E-3      -1.5666720127376674   -3.8902895477206365E-3
5                       219    1.0318993544739198E-3      -1.7960298260680345   -1.8533220181355112E-3
6                       115     5.418649578287707E-4      -1.9642721696951848   -1.0643702563961092E-3
7                        68    3.2040710549875137E-4      -2.1015073841681211   -6.7333789814556018E-4
8                        39    1.8376289874193091E-4      -2.2467145220202762   -4.1286277321203775E-4
10                       26    1.2250859916128728E-4      -2.3526176521697804   -2.8821589292943637E-4
11                       17    8.0101776374687844E-5      -2.4635925777282015   -1.9733814173952517E-4
15                       17    8.0101776374687844E-5      -2.4635925777282015   -1.9733814173952517E-4
9                        17    8.0101776374687844E-5      -2.4635925777282015   -1.9733814173952517E-4
13                       15    7.0678037977665734E-5      -2.4962838459856003   -1.7643244446960375E-4
12                       10    4.7118691985110494E-5      -2.6021869761351044   -1.2261164661617606E-4
14                        8    3.7694953588088398E-5      -2.6604696744099634   -1.0028628089940022E-4
16                        6    2.8271215191066295E-5      -2.7356091410404995    -7.733899470500399E-5
19                        6    2.8271215191066295E-5      -2.7356091410404995    -7.733899470500399E-5
17                        5    2.3559345992555247E-5      -2.7832295729151446    -6.557106848501967E-5
18                        5    2.3559345992555247E-5      -2.7832295729151446    -6.557106848501967E-5
23                        4    1.8847476794044199E-5      -2.8415122711900036    -5.355533659124542E-5
20                        3    1.4135607595533147E-5      -2.9166517378205397   -4.1228644458660976E-5
426                       2    9.4237383970220994E-6      -3.0225548679700438   -2.8483766366395364E-5
28                        2    9.4237383970220994E-6      -3.0225548679700438   -2.8483766366395364E-5
30                        2    9.4237383970220994E-6      -3.0225548679700438   -2.8483766366395364E-5
24                        2    9.4237383970220994E-6      -3.0225548679700438   -2.8483766366395364E-5
31                        2    9.4237383970220994E-6      -3.0225548679700438   -2.8483766366395364E-5
50                        2    9.4237383970220994E-6      -3.0225548679700438   -2.8483766366395364E-5
38                        2    9.4237383970220994E-6      -3.0225548679700438   -2.8483766366395364E-5
37                        2    9.4237383970220994E-6      -3.0225548679700438   -2.8483766366395364E-5
21                        2    9.4237383970220994E-6      -3.0225548679700438   -2.8483766366395364E-5
70                        1    4.7118691985110497E-6       -3.203597464750084   -1.5094932218584009E-5
100                       1    4.7118691985110497E-6       -3.203597464750084   -1.5094932218584009E-5
33                        1    4.7118691985110497E-6       -3.203597464750084   -1.5094932218584009E-5
25                        1    4.7118691985110497E-6       -3.203597464750084   -1.5094932218584009E-5
52                        1    4.7118691985110497E-6       -3.203597464750084   -1.5094932218584009E-5
89                        1    4.7118691985110497E-6       -3.203597464750084   -1.5094932218584009E-5
343                       1    4.7118691985110497E-6       -3.203597464750084   -1.5094932218584009E-5
326                       1    4.7118691985110497E-6       -3.203597464750084   -1.5094932218584009E-5
26                        1    4.7118691985110497E-6       -3.203597464750084   -1.5094932218584009E-5
34                        1    4.7118691985110497E-6       -3.203597464750084   -1.5094932218584009E-5
1                          1    4.7118691985110497E-6       -3.203597464750084   -1.5094932218584009E-5
118                       1    4.7118691985110497E-6       -3.203597464750084   -1.5094932218584009E-5
62                        1    4.7118691985110497E-6       -3.203597464750084   -1.5094932218584009E-5
27                        1    4.7118691985110497E-6       -3.203597464750084   -1.5094932218584009E-5
814                       1    4.7118691985110497E-6       -3.203597464750084   -1.5094932218584009E-5

(46 rows affected)
Total_Delitos Total_Probabilidad       Entropy                 
------------- ------------------------ ------------------------
       212230       1.0000000000000002      0.19353318939211309

(1 rows affected)
