Changed database context to 'mexicoDATA'.
-->Numero de conjuntos := 36

(36 rows affected)
totalca1   Repeticion_Delito Probabilidad             logProb                  plog_p                  
---------- ----------------- ------------------------ ------------------------ ------------------------
NSS                   151898      0.71572350751543135   -9.3333216604554653E-2     -0.06680077715590936
1                      48727      0.22959525043584791     -0.41061239699758567   -9.4274656120724484E-2
2                       6183    2.9133487254393818E-2     -0.98670247385227383   -2.8746083945854071E-2
3                       2470    1.1638316920322292E-2      -1.2427595662509177   -1.4463629687790447E-2
4                       1239    5.8380059369551899E-3      -1.4352836075191679   -8.3791942219113656E-3
5                        602    2.8365452575036519E-3      -1.6367064125096435    -4.642591812330045E-3
6                        348    1.6397304810818452E-3      -1.7896440626090917    -2.934533919747274E-3
7                        192    9.0467888611412144E-4      -1.9556002408685853   -1.7691902475934994E-3
8                        129     6.078311266079254E-4      -2.0665757859950311   -1.2561290882220186E-3
9                         98    4.6176318145408284E-4      -2.1432727228359765    -9.896844312204953E-4
93                        95    4.4762757385854968E-4      -2.1519487163507272   -9.6327158296809635E-4
10                        62    2.9213589030768506E-4      -2.2710334802055829   -6.6345038765841839E-4
11                        42    1.9789850633746407E-4      -2.3797156927040932   -4.7094218109396368E-4
13                        33    1.5549168355086463E-4      -2.4470132460193237   -3.8049020929481074E-4
12                        29    1.3664420675682043E-4       -2.483070466226363   -3.3929719417878965E-4
14                        11    5.1830561183621542E-5      -2.7535868424020529   -1.4271995130953484E-4
15                        10    4.7118691985110494E-5      -2.7801836544857048   -1.3099861727775079E-4
22                         9    4.2406822786599446E-5      -2.8095850661894808   -1.1914557600577358E-4
17                         7    3.2983084389577343E-5      -2.8797156927040932   -9.4981905710449284E-5
18                         6    2.8271215191066295E-5      -2.9227322589549392    -8.262919263878639E-5
32                         5    2.3559345992555247E-5      -2.9736100581029756   -7.0056308205790311E-5
16                         5    2.3559345992555247E-5      -2.9736100581029756   -7.0056308205790311E-5
23                         5    2.3559345992555247E-5      -2.9736100581029756   -7.0056308205790311E-5
20                         4    1.8847476794044199E-5      -3.0358794517203975   -5.7218667515815815E-5
19                         4    1.8847476794044199E-5      -3.0358794517203975   -5.7218667515815815E-5
24                         3    1.4135607595533147E-5        -3.11615866257221   -4.4048796059542147E-5
42                         3    1.4135607595533147E-5        -3.11615866257221   -4.4048796059542147E-5
40                         2    9.4237383970220994E-6      -3.2293058553376683   -3.0432133584673877E-5
33                         2    9.4237383970220994E-6      -3.2293058553376683   -3.0432133584673877E-5
30                         1    4.7118691985110497E-6      -3.4227322589549392   -1.6127466705719925E-5
167                        1    4.7118691985110497E-6      -3.4227322589549392   -1.6127466705719925E-5
54                         1    4.7118691985110497E-6      -3.4227322589549392   -1.6127466705719925E-5
60                         1    4.7118691985110497E-6      -3.4227322589549392   -1.6127466705719925E-5
21                         1    4.7118691985110497E-6      -3.4227322589549392   -1.6127466705719925E-5
39                         1    4.7118691985110497E-6      -3.4227322589549392   -1.6127466705719925E-5
31                         1    4.7118691985110497E-6      -3.4227322589549392   -1.6127466705719925E-5

(36 rows affected)
Total_Delitos Total_Probabilidad       Entropy                 
------------- ------------------------ ------------------------
       212230      0.99999999999999967       0.2282308578153168

(1 rows affected)
